DirectorID,DirectorName,openn_m5u,consc_m5u,extra_m5u,agree_m5u,neuro_m5u
522,"John Mack",5.6019444,6.1373787,5.6311078,3.159327,2.121176
1722,"Frank Raines",4.7860656,4.8861356,4.582962,3.3352759,3.2219431
3997,"Stefano Pessina",5.407743,5.7116752,5.3712726,4.8834205,2.723129
5291,"Reuben Mark",4.7557402,5.2378373,5.0036025,4.2942133,3.2895224
6080,"George David",3.9262226,4.6533217,4.6396785,3.6948133,3.2788506
7588,"Harold Hughes Jr",4.9349065,5.1035376,5.1039481,4.8615613,3.1387281
13271,"David Crane",4.3213987,5.6215062,5.8630528,2.0311034,4.5227332
13413,"Richard Fain",4.7133203,5.170187,4.6867061,4.18924,3.4609354
13520,"Rich Templeton",4.5450249,5.1271276,5.3653293,4.4277978,3.2480404
13744,"Lars Nyberg",4.847043,5.1158814,5.11902,4.0839825,3.0349135
14803,"Tom Richards",3.8334246,4.5386243,3.1760874,3.155936,4.9451647
15482,"Professor Bill George",4.4447203,5.3070941,4.6024837,3.8154659,3.5261691
16457,"Bob Iger",5.5439305,5.8241925,6.3129315,4.6319065,1.7971283
16572,"Michael Eisner",5.1642385,4.9194469,4.7013192,3.9172719,3.2393277
17166,"Larry Weinbach",4.462914,5.071702,4.6280851,3.6377316,3.7252862
23476,"Philippe Dauman",4.5405416,5.2022457,2.2126644,6.9524961,4.8941736
23538,"Mel Karmazin",4.9311185,4.7208548,5.6422019,3.4903378,2.9393039
24985,"Tim Solso",3.9108727,4.5208683,4.637835,3.130821,4.0486803
25011,"Ivan Seidenberg",4.6162639,4.7779536,5.0517263,3.9244103,3.7270117
25014,"Bob Walter",5.0333114,5.2744842,5.4038105,4.7132559,3.3610015
25015,"George Conrades",5.2687168,5.0722566,5.3859906,4.6232147,3.3089528
25834,"Richard Manoogian",4.5062981,5.1424503,4.9412618,3.8854182,3.4705687
25920,"Matt Emmens",5.399868,5.6556067,5.498776,5.033761,2.7020035
26182,"Andrew Gould",4.0689549,4.8452158,4.0592813,3.7512233,3.9806218
27126,"Bob Benmosche",4.7246284,5.2328877,4.7637172,3.5397027,3.4452324
27496,"Micky Arison",4.7400298,5.0825844,4.5294447,3.8867707,3.4463334
31203,"Bobby Mullin",4.3131223,5.2122355,5.1718717,3.9465353,3.1676869
31204,"Henry Schacht",4.2709241,5.0114694,3.617394,4.034904,2.8363447
31208,"The Hon. Doctor John Snow",4.2947001,4.9486876,3.7003536,3.6458864,3.6558056
31463,"Sandy Weill",4.5700793,5.2758312,4.5962038,3.7431667,3.6497347
31506,"Bill Harrison Jr",4.5625811,5.3488884,5.0364237,3.6995525,2.9705873
31546,"Dick Clark",4.142941,4.0774345,3.2916098,3.7170663,2.7608304
31612,"David Glass",2.8034358,3.4040298,3.7735591,3.8961122,1.1908942
31670,"John Chambers",5.4174376,5.0200167,5.6965094,4.5179687,3.0292015
31736,"Rick Belluzzo",4.9165411,5.0750804,5.0009618,5.1965804,3.0343113
31802,"Jeff Kindler",6.7336245,5.8946924,7,7,1
31844,"Kevin Johnson",5.2699947,4.8080401,5.4902506,4.6133013,3.0077949
32019,"Doctor Lee Raymond",4.4393883,5.5735259,4.7273469,3.479718,2.9707675
32122,"Rex Tillerson",1.7375202,5.7942328,1.2255161,1,4.3453345
32185,"Mark Ketchum",4.8336916,5.3911662,5.2942896,4.4238205,3.1380048
32193,"Jay Fishman",4.6375976,5.7650614,7,4.4636459,1.7448565
32276,"Chuck Lee",4.7373877,5.4965515,4.5773625,4.7449608,3.6446743
32367,"Jeff Immelt",5.9032192,5.2134571,7,4.1714902,1.4404124
32457,"Frank Blake",6.1795783,5.6934743,5.895103,5.9468131,2.3837953
32458,"Dave Calhoun",5.0557199,5.4302421,5.7006721,4.506866,2.9282355
32459,"Scott Donnelly",4.0184183,4.759676,4.6259193,3.7785261,3.744487
32557,"Ken Chenault",5.0243907,4.9297762,5.7534308,5.0919333,1.8509759
32603,"Mike Dell",4.8753662,3.9433022,5.9789724,5.3899922,3.7547302
32663,"Sidney Taurel",5.3587799,5.9495602,5.4048624,5.4808421,2.2943907
32693,"Bob McDonald",4.7496996,5.1300898,4.0342393,3.5620999,3.6999929
32720,"Martin Sullivan",4.8115354,5.3797774,5.0467963,3.9454215,3.2550976
32730,"Roger Deromedi",4.8159075,5.5998874,5.48773,4.6371555,3.3356121
32734,"Bob Eckert",5.9753532,5.1236515,6.6324368,6.11692,1.7035886
32757,"Mike Szymanczyk",4.9459157,5.4024796,4.9084172,3.9517241,2.727591
32800,"Carol Bartz",4.9644809,5.0416269,5.413846,4.1666999,3.0545721
32817,"Jim Morgan",4.410502,5.0558105,4.9741879,4.1071162,3.1272075
32835,"Doctor Don Listwin",5.1401277,5.1442499,4.9877315,5.0194039,3.1756744
33012,"August Busch III",4.7481389,5.0163393,5.1899457,4.0573006,3.798682
33015,"John Stumpf",5.3184781,6.2327828,4.0845003,1.5361772,4.179028
33049,"Ari Bousbib",4.5752063,4.8998446,4.8257642,4.0716195,3.7832272
33138,"Dave O'Reilly",4.5494971,5.6017509,4.23734,3.8109128,3.8628368
33154,"Pat Woertz",6.594481,6.078382,6.1610703,6.1019769,3.9111366
33169,"Professor Doctor Craig Barrett",4.7090507,5.3482561,4.7746058,4.1919413,3.2192302
33171,"Ken Lewis",4.7936769,4.5168595,4.0746083,3.2934463,3.299439
33179,"Paul Otellini",4.7787514,3.6334162,4.8125191,4.3207836,4.7146859
33211,"Mike Splinter",4.4595394,4.9243293,4.9396601,4.4519968,3.3155298
33263,"John Watson",4.169558,4.9895234,4.1931276,3.341677,3.9178228
33296,"Glenn Tilton",5.2352748,5.681097,7,4.661056,3.3749442
33316,"Doctor John Lechleiter",5.8038297,5.1889563,7,5.5631819,1.8629568
33328,"Barry Diller",4.9854836,5.1896329,5.5232506,4.0874953,2.9754324
33338,"Steve Reinemund",5.081192,5.6544647,5.4643974,5.0617862,3.2362602
33343,"Roger Enrico",5.1616325,5.6036434,5.0058327,4.0282154,2.5062766
33356,"Indra Nooyi",6.4519792,6.6781917,5.8313351,7,1.972905
33410,"Kevin Sharer",5.245038,5.328609,5.4815874,4.8225217,2.6776378
33482,"Anne Mulcahy",6.7864981,6.3424416,7,7,2.2751989
33494,"Rick Gonzalez",4.7689767,5.5110188,5.8135018,4.7780542,2.9186816
33500,"Miles White",4.9791174,5.4503078,5.4316154,4.8541517,2.9695528
33525,"Bob Parkinson Jr",5.1660833,5.5699205,5.0899558,4.7094474,2.5025551
33526,"John Thompson",5.2919998,5.1329136,5.4940538,4.8097587,3.077549
33529,"D Davis",5.6226058,5.2428546,5.8697658,5.0128307,1.8804562
33539,"Art Collins Jr",5.6334782,5.6770854,5.1864161,4.9634237,2.5913162
33550,"Don Layton",4.4417787,5.3377824,4.827064,3.5923271,3.3309309
33676,"Jim Cracchiolo",4.8809562,5.5090766,5.3090215,4.5513997,3.6341062
33732,"Mackey McDonald",4.9605556,6.0933552,4.58004,4.0321183,2.8585966
33767,"Jim Blanchard",4.4508677,5.3020582,4.5617681,3.9255326,3.1593573
33782,"Bob Kelly",4.8363819,5.3790517,4.5306649,2.233752,4.449851
33783,"Peter Dolan",5.4311972,5.6922345,5.4331212,5.3752131,2.3904743
33834,"Phil Purcell III",4.6040368,5.5705738,5.3923659,4.2030745,3.3862479
33858,"David Nelms",4.7419429,5.4189825,5.0087943,4.0044403,2.9293661
33868,"Doctor Vikram Pandit",5.0070252,5.3539424,4.095993,3.7870455,2.8663414
33908,"Jamie Dimon",4.3038073,4.9990826,5.3753786,3.7769153,3.9887037
33916,"Ed Liddy",4.9200754,6.0078573,3.020246,3.3928075,5.103127
33925,"Bill Hawkins III",5.3607607,5.6275134,5.8527107,5.091166,1.9020567
33951,"Charlie Scharf",6.0465274,5.2629032,6.8591323,4.3208098,2.1305387
33958,"David Novak",4.5255566,5.4076066,4.6353216,3.7961257,3.5037711
33962,"Chad Holliday Jr",4.5560007,4.9550896,5.5341702,4.0973811,3.2597029
33970,"Jerry Grundhofer",4.5088954,5.5186167,4.9754772,3.5734694,3.2904477
33971,"Doctor Leland Brendsel",4.2876325,5.1112542,4.0784159,3.0968177,2.639482
33999,"Joel Johnson",5.1926389,5.787559,5.1221223,4.712007,4.0480762
34080,"James Gorman",4.6927443,5.3703771,5.390183,3.9633279,3.1899958
34151,"George Schaefer Jr",4.6251502,5.3485889,5.0662951,3.6210415,3.4208517
34156,"Jim Hackett",4.6272049,5.0337067,5.1460814,1.6380261,4.4547601
34170,"Richard Davis",4.4143209,6.7093244,4.3584423,1.9660468,3.7465394
34213,"Jim Rogers Jr",4.2017345,5.3204966,4.2842889,3.7805808,3.3771966
34329,"Jim Mulva",5.0840759,6.389204,4.533967,4.8031006,2.8177729
34345,"Meg Whitman",5.2494926,5.1384974,4.9214816,4.0224366,3.2841046
34358,"Sir George Buckley",4.0900173,3.6741073,2.9360847,1,5.3135281
34403,"Jonathan Ayers",4.9895005,5.2335062,5.8438835,5.8481565,3.0884061
34442,"Robert Tillman",4.7484856,5.3011231,4.7565169,4.6205716,3.2782066
34486,"Doctor Irwin Jacobs",5.229383,4.9081225,5.3423276,4.4431148,2.7304876
34505,"Ian Cook",5.0648146,5.5363221,5.4159336,4.5898218,2.945226
34514,"Doctor Paul Jacobs",5.0323133,4.7580662,5.5917764,4.607635,3.0294938
34576,"The Hon. Carlos Gutierrez",4.6931753,5.508039,5.252574,4.0708427,3.2345977
34602,"Harry Stonecipher",4.3369474,4.957787,4.8401489,3.54108,3.5210822
34627,"Alan Mulally",5.0796914,5.6954579,6.0710135,4.404861,2.0124345
34767,"David Goode",4.3827233,5.0939403,4.5688124,3.7044137,3.8193948
34770,"Wayne Sanders",4.7053704,5.0213356,4.921061,4.6866574,3.2752624
34808,"Bob Ulrich",5.5140557,5.5725179,4.8290949,4.2939143,3.0073464
34850,"Bob Stevens",5.3053536,5.9422693,3.9681382,3.7355936,3.1769476
34867,"Gregg Steinhafel",5.1650176,5.8627567,5.1288781,4.6314206,2.6385632
34881,"Steve Sanger",4.9428115,5.7945566,4.9031696,4.4584947,3.4776325
34919,"Stephen Hemsley",4.0446525,5.4605851,4.9587841,3.5395069,3.8627205
34921,"Doctor Bill McGuire",5.3884053,5.714519,5.4583282,4.7439137,3.0081975
34944,"Tom Wilson II",4.5807042,4.7813187,5.3129978,3.3292208,2.5403042
35002,"Mark Mays",4.8412175,5.0895734,4.9730253,4.1296434,3.274725
35032,"Chad Gifford",4.6792016,5.7637553,4.7398767,3.994411,3.3482172
35043,"Brian Moynihan",4.582593,5.3762445,5.0273452,3.6948109,3.1855857
35061,"John Rowe",5.1373606,6.355267,5.0007057,5.3571849,3.8327618
35062,"Tom Ryan",4.8629241,5.2096748,5.0236244,4.1187978,3.261384
35090,"Gene Hall",5.3276453,5.4832463,5.1797705,4.4220581,3.13521
35096,"Rich Daly",5.043716,5.2666655,4.9885745,4.603405,2.6422908
35098,"Gary Butler",4.9151745,5.3478551,5.1254673,4.4197865,3.3786588
35130,"Jack Bovender Jr",4.796577,4.8332543,4.839262,3.7699342,3.5064676
35155,"Richard Bracken",5.4152985,5.9257894,5.0182886,4.5927119,2.8785844
35174,"Jay Grinney",5.2595086,5.1892118,4.9719992,4.0221891,3.7862797
35234,"Gracia Martore",4.9809351,5.2976055,5.0064931,4.1603932,3.0598631
35235,"Howard Schultz",6.2514534,5.7542968,4.3224845,7,1.730204
35238,"Craig Dubow",5.0722046,5.2551551,5.3478827,4.2266197,2.9674466
35264,"Arnold Donald",4.6383743,5.5770502,4.235785,4.1329274,3.0073271
35359,"Jim Tobin",3.9806674,4.6185265,4.7784162,3.8793557,3.3744752
35431,"Jerry Fishman",4.8672028,4.4962473,5.0317588,4.6929307,3.1506932
35469,"Vincent Roche",4.5946407,4.7885432,5.1197681,4.4858489,3.2274003
35508,"Jim Cornelius",4.880403,5.4548421,4.7682204,4.203711,2.4627457
35514,"Tom Motamed",4.8069735,5.301373,4.9244881,4.1084623,3.9130433
35515,"Kevin Burke",3.5314586,4.2545695,4.97437,2.077399,3.5614924
35598,"John Brown",5.3047924,5.4471636,5.043571,4.1861944,2.7608142
35677,"Doctor Ed Zander",4.8624129,5.1113529,5.5333757,4.0338712,3.0908914
35694,"Dave Steiner",4.209867,5.0984669,4.6652007,3.4505763,3.5124345
35698,"Kevin Mansell",5.0724082,5.8378057,5.0185008,4.7292914,2.5849566
35723,"Mark Canepa",4.7509818,5.1716499,5.6180992,4.8157096,3.0280502
35746,"Jerry Johnston",4.962996,5.4233484,5.0067372,4.54492,3.0408113
35795,"Gerald Hassell",4.7988739,5.3464842,5.0868053,4.0732498,3.4412596
35802,"Tom Renyi",4.8822145,5.34443,5.3017273,4.0025463,3.1425252
35823,"Alan Boeckmann",4.3467555,6.0539308,3.6741054,5.1365738,3.615803
35837,"Larry Glasscock",5.0666013,5.227253,4.7059603,4.2664661,2.9384284
35928,"Dave Dillon",4.9550133,5.5568461,5.2758417,4.2569923,3.0928116
35960,"Bruce Karatz",4.722816,5.2186403,4.7397618,3.6726172,3.7923191
35972,"James Cantalupo",4.6449986,5.490129,4.9603138,3.7226076,3.4276817
35981,"Jim Skinner",3.6494296,6.7027278,1.3328122,1,5.468411
36011,"Pat Ryan",4.9636497,5.1717529,5.4345312,4.4285917,3.3409491
36035,"Fred Fowler",4.213335,4.8454213,4.3105822,3.7738941,4.0847039
36098,"Ursula Burns",5.1063724,5.3070035,5.350719,5.1214542,2.9802568
36099,"Mike Fraizer",4.5356088,5.429224,5.2496805,3.8436556,3.2343225
36108,"Doctor Tom Usher",4.4371538,4.9889784,4.8069115,3.7981439,3.378474
36109,"Dave Whitwam",4.3548002,4.99682,5.2451043,4.052156,3.4208207
36111,"Professor Doctor Robert Mehrabian",3.7193151,4.7348533,4.7200193,3.5201082,3.7244534
36143,"Jon Boscia",4.9210439,5.2287917,5.4641256,4.1692381,3.0925274
36147,"Dave West",4.9293928,5.4853296,5.2206154,4.3621459,2.9687116
36162,"Doctor Ray Irani",3.9399385,4.9097257,3.5273538,3.1617825,4.3499722
36172,"Phil Knight",4.3863149,5.1631556,5.0763197,4.0325522,3.3880787
36173,"Steve Chazen",4.575706,5.6656156,4.4491992,3.1107225,3.7746077
36206,"Mark Parker",6.0244637,5.4028697,5.9253583,4.770216,2.2878337
36247,"John Dillon",4.2622519,4.5155163,4.1366286,3.8774383,2.8693368
36253,"Wayne Murdy",3.7572536,4.6179519,3.9413252,2.617188,4.1709013
36263,"John Bryant",4.7803016,5.5459394,5.1194148,4.4731865,3.1333935
36295,"Henry Silverman",4.6971111,5.0696783,4.5736041,3.5284858,3.5170875
36354,"Bruce Rohde",5.1151013,5.319808,5.1154089,3.9135954,3.7334545
36446,"Terry McGraw III",4.9016738,5.2267361,5.3106251,4.0014372,2.6873894
36528,"Mickey Drexler",5.0016761,5.7770233,4.8642564,4.3846865,2.7605808
36540,"Steven Jobs",6.1347671,4.8298483,5.4881692,4.6359921,3.7743697
36552,"Dave Lesar",4.2528343,5.0928392,4.3423724,3.8736796,3.907515
36555,"Dan Amos",5.9703407,5.5770125,2.1769507,5.7214031,6.1638761
36610,"David Ratcliffe",4.9359193,6.1620736,6.3536463,3.9227152,1.8824406
36615,"Gale Klappa",4.4550233,5.3354297,4.4546299,3.6370413,3.5941641
36669,"Tony Earley Jr",3.9864049,5.4586477,4.0729127,3.0816989,4.1180496
36704,"Don Davis Jr",4.2228212,4.6977372,4.7409449,4.3564816,3.7398267
36778,"David Speer",3.1063054,4.9200616,4.1208367,2.7589085,5.9154053
36833,"Tim Wadhams",4.456769,4.9740009,5.1257262,3.9981322,3.4582007
36856,"Dave Cote",3.9383118,5.2237439,5.6018233,4.3145957,3.0497458
36863,"Rob Gillette",4.522047,4.8876328,5.6097646,4.3620739,3.4082546
36904,"Bryan Stockton",4.8938684,5.0577641,4.7989178,4.7385902,2.8626981
36906,"George Sherman",5.6900663,5.8689957,5.1692476,4.4789438,2.4101453
36911,"John Hammergren",5.0737801,6.7637825,4.4076724,5.2477422,4.2775683
36928,"Thos Capps",4.0493326,5.1456208,1,3.8762078,4.159606
36934,"Tom Farrell II",4.3404169,5.0289693,3.8002853,3.0198987,4.281723
37261,"Bill Sullivan",4.8108187,5.074883,5.4680295,4.3349104,3.2785215
37511,"Admiral Jay Johnson",3.4959912,4.5784235,4.3070846,3.3813207,3.816442
37611,"David Mahoney",5.0939417,5.3694057,5.1777439,4.6354127,3.1826615
37641,"Warren Eisenberg",5.0794535,5.4470253,4.6505237,3.9060674,2.9046931
37751,"Raymond Plank",5.8263946,5.911005,5.9603667,2.4370584,3.1970453
37856,"Mike Wiley",3.9642863,4.9703331,4.7982664,3.9873099,3.5821176
38016,"Rich Kinder",3.9106946,4.8436332,3.5799131,3.2146177,4.4760418
38136,"Clarence Cazalot Jr",2.5697563,3.1586909,2.2030954,1,6.1211219
38256,"Doug Wall",4.0421596,4.9197736,3.9588027,3.6554699,4.5521593
38291,"Max Lukens",4.5060744,5.1193829,4.9499445,3.9625437,3.637043
38311,"Scott Farmer",4.6448555,4.7501736,5.2767687,4.2153344,3.413023
38546,"Kent Kresa",4.1417999,4.9493604,2.8369803,3.4934752,3.0844023
38676,"Lew Hay III",5.1385255,5.4470243,5.2679996,3.7132814,3.2263284
38686,"Doctor Ron Sugar",4.6823416,4.9497981,5.3849111,3.827369,3.3431156
38966,"Carol Meyrowitz",4.9283452,5.531806,4.9079542,4.3880329,2.8997283
38981,"Dave Brandon",4.9233985,5.5413666,4.755024,3.8999856,3.5205383
39031,"Jim Robo",4.0503154,4.9732685,5.2137294,3.4945076,3.1039925
39151,"Martin Mucci",5.0610719,5.3016419,5.2041774,4.5563254,3.2141943
39231,"John Allison IV",4.4605818,5.3747649,4.8598819,3.5290799,3.3963213
39271,"Kelly King",4.6296272,5.3336096,5.0270309,3.970736,3.3636506
39731,"Doctor Bob Keegan",4.0055437,5.0363173,5.5242252,3.5568836,3.1048484
39886,"Art Ryan",4.8811188,5.4092755,5.4417133,4.207335,3.2506704
39956,"John Strangfeld Jr",4.8098259,5.3758135,5.2613726,4.1315169,3.059269
39996,"Glenn Renwick",6.1127934,5.6167665,7,4.9650888,1.2710851
40146,"Dick Davidson",4.0690417,4.6002116,3.6700804,2.9292195,3.3966784
40191,"David Spina",5.3583255,5.0635786,5.1154742,4.8178048,3.4903328
40251,"Ron Logue",3.7823081,4.5812292,6.2014608,2.7919321,4.2434049
40336,"Jack Koraleski",4.2157321,5.0098672,5.0952358,3.8931532,3.9728494
40361,"Claiborne Deming",3.6417246,4.6693373,3.6083412,3.1767702,4.5764651
40671,"Doctor Dick Syron",4.6873479,5.4276114,5.4743686,3.3069532,3.3361812
40891,"Mike Polk",5.1074996,5.2721095,5.1595025,4.18118,3.0596783
40941,"Doctor Irene Rosenfeld",5.6676273,6.4572902,5.7632647,4.7027555,3.3492026
41076,"Bob Wayman",4.9097719,5.3893428,4.8162489,4.5686765,2.9867923
41301,"Fred Hassan",5.768496,6.47296,5.0788131,6.4371333,1.9576161
41376,"Gary Rodkin",4.9454513,6.0179677,6.0680828,4.9292226,2.4556534
41481,"Steve MacMillan",4.7405348,5.2152758,5.1359267,4.3726797,3.1906881
41606,"Lamberto Andreotti",5.4673371,5.6802497,5.003912,5.6720576,2.0941868
41806,"David Abney",4.9622512,5.3270063,5.1986279,4.0406437,3.8215232
42111,"Jerry Grinstein",4.1597652,5.3426318,5.5540109,4.0238624,3.1150026
42401,"Christina Gold",5.5119605,4.5738978,4.3450918,6.1164174,3.5433998
42696,"Charles Cotros",4.4552064,4.6174464,4.2089267,3.4564946,4.3542514
42861,"Greg Brown",5.1454387,5.3098226,5.8384533,4.5187159,2.3073952
43236,"Jack Remondi",4.5287924,5.3436408,4.8083572,3.2999418,3.0061069
43286,"John Faraci Jr",2.4598577,4.9357996,4.4740615,3.9192333,3.5592778
43291,"Rob Amen",4.9010983,5.4543476,4.9412274,4.2328534,3.4482601
43331,"Sam Gibara",3.9234295,4.8891463,4.1057343,3.7561135,3.4309654
43546,"Dara Khosrowshahi",5.0509467,5.1241775,4.5062017,4.2811208,3.3067451
43611,"Richard Smucker",4.8300853,5.5435472,5.1366172,4.2856164,3.219723
43666,"Captain Gary McCullough",4.7468853,5.4183874,5.1444287,4.1308208,2.9736593
43691,"Clarence Otis Jr",4.676939,5.6723151,4.6188498,3.7721319,3.3404996
44006,"Jim Rohr",4.695034,4.2958431,6.068284,2.9735818,3.3552499
44141,"Paul Pressler",4.8803444,6.1342635,4.6287088,4.5635238,2.5492377
44226,"Larry Prince",4.5112224,5.1121302,5.118927,4.0214744,3.4054146
44256,"Fred Poses",4.1950736,4.5938663,4.4869146,3.5305395,3.801662
44576,"William Demchak",4.3961387,5.4168787,4.9339323,3.9991336,3.4087956
44631,"Jim Wells III",5.5117645,5.8355713,5.5886703,4.0693603,3.35937
44846,"Sandy Cutler",5.2397575,5.7931399,5.8196034,4.7999983,2.5386524
44881,"Gary Kelly",4.5634599,5.1697621,4.5724778,3.7999561,3.5889966
44936,"Bill Sanford",3.5987492,4.9056401,4.5995235,3.0769086,3.5650067
45191,"Nick Chabraja",1.7795205,4.3633504,1,3.016274,5.8010302
45561,"Phebe Novakovic",3.9880106,4.5877509,4.2446799,3.3932233,3.9243598
45626,"Larry Merlo",5.4855895,5.7461495,5.7155499,4.9449682,3.1126931
45776,"Dick Schulze",4.0331645,5.796483,3.5989997,3.9566741,4.122232
46031,"Todd Nelson",4.8764491,5.3551965,4.9538474,4.3400407,3.1693664
46421,"Aylwin Lewis",3.7455316,3.6176903,3.6541376,3.8807168,1.6501284
46631,"David Dvorak",5.0142159,5.5482922,5.3589768,4.7523074,2.9049413
46701,"Bob Wilmers",4.0584569,5.0746841,5.1235757,4.5451221,2.5410948
47031,"Debbie Reed-Klages",3.858108,4.8559985,3.9341922,3.4221504,3.2802618
47096,"Wayne Smith",5.0398345,5.4459987,5.1209321,4.3869786,3.0691466
47651,"Dale Morrison",4.6219945,5.2163382,4.8465319,3.8822877,3.4927471
47676,"Larry Probst III",5.0579195,4.7372613,5.2305427,4.6493802,3.3877785
47746,"Alan Lacy",4.8026767,5.7256227,5.1955452,4.3914566,2.8775036
47756,"John Riccitiello",5.164113,5.0727878,5.3745999,4.7094221,2.9964328
47826,"Doug Conant",4.8713055,5.8712583,1.9585936,6.2114296,4.2156191
47996,"Bill Johnson",4.9025168,5.5345268,5.0844312,4.5064344,3.3705068
48441,"Vincent Forlenza",4.928113,5.3675146,5.4063973,4.8037982,3.1039321
48516,"Dave Dyer",5.0303984,5.6361103,5.0193157,4.783999,2.6127155
48601,"Wick Moorman IV",4.5914936,5.3104825,5.2698526,3.8063228,3.5651748
48701,"Michael Roth",5.0387082,6.2959447,5.6323028,4.1659112,1.5843221
48721,"Herb Henkel",4.4934154,4.8438125,5.6918917,3.5615878,3.38254
49036,"Doug Berthiaume",4.9107347,5.2544055,5.0401974,4.5479121,3.1556509
49211,"Murray Martin",4.9448032,5.1095543,5.206809,4.7140751,3.134459
49341,"Bruce Chizen",5.3750401,5.1368756,5.1453953,4.9097157,2.7164805
49351,"Shantanu Narayen",5.6609769,5.1412539,5.5363679,5.5964117,2.5803001
49666,"John Rutherfurd Jr",4.5032644,5.0335751,4.4741411,3.3827798,3.4187737
49681,"Raymond McDaniel Jr",4.7731462,5.2614985,5.0167651,4.0410333,3.0917771
49761,"Steve Odland",4.5948181,5.3323746,5.3737049,3.7136109,3.0332813
49801,"Mike Brown",5.0447936,5.3635883,3.1071496,4.2430887,3.9578078
49851,"Bill Greehey",3.7169523,4.4661579,3.2813706,3.0225663,4.3173895
49961,"Wendell Weeks",4.618937,4.8886652,5.0404835,4.2224221,3.3832645
49976,"Mark Ernst",5.0895109,5.4323087,5.1064715,4.0960941,2.945049
50156,"John Richels",3.6192603,4.7353702,3.7525268,3.1521907,4.4176998
50231,"Jeff Yabuki",5.3312612,5.6209421,5.1519995,4.6270547,2.8472211
50311,"Eddie Lampert",4.4748378,5.0138788,4.8650541,2.7154028,2.2368889
50466,"Alan Bennett",4.7650261,5.2831688,4.7894092,4.5688386,3.3689475
50596,"William Davis III",4.0384402,4.9668436,4.2135215,3.407444,3.2697973
50876,"Ken Schroeder",4.4270153,4.8377776,4.695982,4.1585298,3.4113123
50901,"Gary Dickerson",4.4284163,4.8492479,4.7417202,5.1226768,2.919059
51071,"Rick Wallace",4.3303366,4.7692046,5.0110664,3.4405177,3.4028785
51226,"Carl Jones Jr",4.4364195,5.4587932,4.2902694,3.5661967,3.4587438
51257,"Ken Lowe",5.2640753,5.3640418,5.3195262,4.4328189,2.9631603
51262,"Rich Boehne",5.5872059,5.2190037,6.3089924,3.8549397,3.2986035
51266,"William Lauder",5.157979,5.6160302,5.1475616,4.6797605,2.7232945
51396,"Ralph Babb Jr",4.4801073,5.4655819,5.0154057,3.3952022,3.1282299
51632,"Mark Pigott",3.9847777,4.6194768,4.8638387,3.6266747,3.7548513
51642,"Charles Mueller",4.4736471,4.989718,3.7873185,4.1999168,3.8302095
51682,"Philip Neal",4.2269163,4.7482266,4.6360254,4.515789,2.9257367
51707,"Warner Baxter",4.6654258,5.5619111,4.6294217,4.0849171,3.4629226
51762,"Ed Hanway",5.459609,5.8598647,5.2115569,5.1214685,2.8338447
51792,"Al Schuman",4.9795094,4.6955318,4.5395484,3.9079876,3.2650316
51882,"Doug Baker Jr",5.0455432,4.6315165,5.7809086,5.1512823,3.2659819
51926,"Russ Lewis",4.8045454,5.5928659,4.5241556,4.2570863,3.3725863
51956,"Keith Wandell",3.9386914,4.6707325,4.7417374,4.1508732,3.5200441
52037,"Doctor Surya Mohapatra",5.4956264,5.7873025,5.4142737,5.2397814,2.6506469
52242,"Michael Ward",3.9563293,4.1813531,3.9607537,3.428689,2.9519169
52367,"Joe Clayton",4.6512461,5.1049376,4.744257,3.8223054,3.499274
52492,"Gary Rainwater",4.2220535,5.1740236,4.0278139,3.4757173,3.5299807
52597,"Tom Voss",4.2716422,3.6382606,5.219327,2.7122667,3.5049746
52686,"Jeff Joerres",5.1065445,5.8755846,5.7288704,4.3378034,1.8451272
52742,"Les Muma",4.7695918,5.2353311,5.5568128,4.262238,3.3962133
52776,"Janet Robinson",5.2015781,5.5547137,4.7271919,4.3966126,2.8396885
52791,"Don Graham",5.1045322,5.5950637,4.9680214,3.3927317,2.8269038
52822,"Bob Greifeld",4.6393819,5.2726417,5.2154684,3.9750118,3.2653074
52897,"Bud Koch",4.7840343,5.3236432,4.6020942,4.0509114,3.0188286
53117,"John Dickson",4.6054091,5.2883277,4.5117598,3.2114987,3.6248353
53267,"Phil Flynn",4.3911128,5.5176229,4.9736686,3.6736085,3.6369445
53436,"Leslie Wexner",4.8600993,5.4993138,4.9436002,3.7721245,2.9428077
53821,"James Miller",4.3718534,4.8854465,4.4946575,3.5334017,3.7382698
53871,"Janet Haugen",4.6273966,5.1272774,4.8794932,4.4617643,3.3251636
53992,"Jay Brown",4.608098,5.268393,4.7407947,3.932333,3.2944794
54042,"Gary Dunton",4.624207,5.3705149,4.8942714,3.9087484,3.143254
54072,"Richard Abdoo",4.5394664,5.3307276,4.3965912,2.4038289,4.1264973
54622,"Tom Gallagher",4.6643052,5.1124244,5.2258797,4.3956676,3.2211733
54702,"Steve Collis",5.2382336,5.6420035,5.3111,4.4526873,3.1690245
54887,"Stephen Baum",3.8151834,4.808589,3.9021642,3.0532691,3.383898
55131,"Brian Dunn",5.4782205,5.5942135,5.4942737,4.8272247,3.0904717
55192,"Kenneth Stecher",3.6415133,4.9972086,5.802331,3.6186676,3.2394395
55406,"Jim Mullen",5.1073289,4.1713009,4.4644389,3.8867862,2.3408105
55412,"Terry Lundgren",7,7,7,5.8779569,1.572376
55422,"Tim Cook",4.9240746,5.0107636,5.2011914,4.2570558,2.9906154
55897,"Louis Giuliano",4.2673082,4.8776398,5.0998526,3.8205645,4.0070415
56012,"Travis Engen",4.6549125,5.3989944,5.0357585,4.7374821,2.8641951
56076,"Murray Kessler",4.9165592,5.3063083,4.9504905,4.354208,3.0590315
56136,"Linda Huett",5.1292272,5.4644876,4.9658761,4.4347849,3.0945387
56142,"Jack Moore",4.4781814,5.3705435,5.3560467,4.0904546,3.3010659
56296,"Trevor Fetter",5.2023072,5.523056,5.1398668,4.5754671,2.965059
56457,"Steven Appleton",4.1714692,5.3678284,5.0117817,4.432014,3.7919431
56517,"James Bagley",4.6992593,4.6217561,4.6910672,4.4307404,3.253068
56756,"Gary Neale",4.2982936,5.0950465,3.7131197,3.3800061,3.7271526
56777,"Don Felsinger",4.1703038,5.0412102,4.0189071,3.8768466,3.7995639
56902,"Richard Anthony",4.6179056,5.4593611,4.8418641,3.6872487,3.5703702
57037,"Wayne Brunetti",4.5231223,5.3558664,5.3185139,3.477751,3.2496045
57227,"Dick Kelly",4.7726727,5.2292418,4.1017489,3.2901404,3.2697499
57267,"Ron Hoffman",4.4501567,4.9515023,4.9758825,3.9352715,3.8107564
57397,"Charles Shivery",4.5983372,5.7623358,4.1155162,3.9993198,3.624409
57657,"Ben Fowke III",4.5275607,5.5593615,4.6538548,3.3442769,3.7592368
57772,"Bob Lawless",4.7009792,5.2218328,4.7591553,4.3169284,3.5119419
57976,"Ted Craver Jr",4.6100159,5.8421082,3.8925173,4.80443,2.7792914
58101,"Doctor Jozef Straus",4.8807726,5.0445065,4.9612823,4.7830653,3.2284143
58371,"Professor Doctor Kevin Kennedy",4.6373277,5.054944,5.2820296,4.537992,3.2107284
58481,"Jim Murren",4.4396658,5.4436536,4.0927672,2.2325578,4.9845819
58842,"Jim Ryan",5.1979079,5.0077538,3.9087453,3.6858439,2.8801844
58926,"H Turner Jr",5.4846525,5.0744009,4.3332644,4.3458185,3.2141762
58941,"Gary Coleman",4.6070457,5.1692314,4.2657318,3.6975489,3.6612837
58997,"Ernie Roessler",4.6607399,5.4728847,4.9270287,4.2111735,3.0646594
59002,"Rick Hill",4.326292,4.8121452,4.7849712,3.8913844,3.4982316
59271,"Steve Loranger",1,2.6624575,7,1.3887663,5.7204661
59276,"Senator David Perdue Jr",4.9796596,5.5101519,5.1145821,4.3359237,3.124058
59631,"Dan Warmenhoven",4.9896851,4.7526588,5.4664121,4.8158393,3.1962526
59916,"Tom Hoaglin",4.4957652,5.4160647,3.8632908,3.4436545,3.4782529
59962,"Glen Post III",5.1642895,5.2746367,4.8747935,4.1217108,3.3939312
60031,"Rodney O'Neal",4.2764602,4.6171966,5.3000383,3.8169186,3.5109899
60047,"Doctor David Williams",3.6840191,4.6431875,3.2196321,3.0259109,4.3304644
60082,"John Somerhalder II",4.3603635,5.2251601,4.1808701,3.5827146,3.5490117
60341,"Steve CossÃ©",4.5722675,5.6970792,5.3588228,3.4534292,3.954354
60542,"Mike Jackson",4.5288544,4.10007,5.210371,2.8401735,3.3276646
60682,"Curt Culver",4.519639,5.3996229,4.893867,3.699008,3.4092214
60917,"Keith Nosbusch",4.5290012,5.0069795,5.0888662,4.1724153,3.4459977
61072,"Bill Klesse",3.6397715,4.6398888,3.7218359,3.0428197,4.3922539
61372,"Dick Goldstein",5.038085,5.4005394,5.2635231,4.436604,2.9965293
61812,"Stuart Miller",4.6054201,5.1835685,4.5935879,3.7802908,3.5326238
62362,"David Bell",5.1379681,5.6494069,5.4871154,4.5803585,2.9289196
62752,"Jeff Fettig",3.3701363,4.6989183,6.2063494,1.8076665,5.2023549
62817,"Neil Austrian",5.0309973,5.4918804,5.1020198,4.4651818,2.9790883
62922,"M Nelson",4.946238,5.4717689,5.0104094,4.4067664,3.1633232
62957,"Felix Wright",4.349895,5.2420039,4.8940701,3.8308136,3.5345256
63117,"Mark Mondello",5.1778173,5.0846152,5.4975023,4.3103299,3.1619129
63192,"Lew Frankfort",5.4478574,5.944149,4.7879815,4.8216405,2.4778802
64542,"Jeff Lorberbaum",4.0951777,4.9120517,5.1047974,3.6761446,3.4451778
64652,"John Fiedler",4.740304,4.3512139,4.1849518,3.7758293,3.8181453
64672,"Jim O'Connor",4.3184338,4.8341284,4.6996198,3.4593856,4.1467772
64742,"Aldo Zucaro",4.4369144,5.2294092,4.809597,3.726804,3.3487113
64877,"Bob Burgess",4.0087309,4.3398452,4.6224117,4.1250134,2.7311897
64947,"John Hess",2.7244051,3.0010755,1,3.2480433,6.2405672
64967,"Joe Ficalora",4.5304346,5.4865918,4.5796132,3.5050819,3.3627012
65117,"Frank Filipps",4.5709882,5.2795973,4.8017035,3.8198488,3.4167016
65432,"Orin Smith",5.0953989,5.4023962,3.9214637,3.3785558,2.5983968
65807,"Scott Kriens",5.188653,5.1805358,5.6802268,4.5525675,2.8702691
66062,"Scott Sheffield",3.5117559,4.6434417,3.271776,2.9008813,5.0364389
66112,"Dan DiMicco",3.029809,5.0119348,1.767252,3.8404408,5.3980708
66197,"Doug Brooks",4.7885771,5.8668404,4.2655301,3.9787321,3.7998459
66217,"Mike Jeffries",4.8248701,5.8318777,4.4321733,4.5757923,2.3167298
66372,"Doctor Joe Lee",4.6812892,5.5583525,4.6347532,3.6673253,3.671855
66857,"James Murdy",4.6825271,5.4276671,5.1251769,4.0174556,3.6246388
66902,"Bill Post",4.8291349,5.3496108,4.9439926,3.8107491,3.6441205
66912,"Pete Frechette",5.0803919,5.1581497,5.2444959,4.7101812,3.3198278
67247,"John Wiehoff",4.5955563,5.0087657,5.0272646,4.0286117,3.5797055
67362,"Lee Kennedy",4.8735228,5.360734,5.0588636,4.2346363,3.1685815
67662,"John Miles II",4.9237075,5.2154317,5.2143326,4.3015423,3.2838249
67717,"Gary Kunkle Jr",4.136693,4.3999147,4.1837277,3.5145333,3.4489398
67752,"Bill Cooper",4.3355408,5.403163,4.5948639,3.5343666,3.2924204
67817,"Tom James",4.7022114,5.2737622,4.9644608,3.9337149,3.3585303
67857,"Donald Tomnitz",4.6277637,5.0432906,4.4197664,3.5059266,3.6574194
67927,"Jim Moffett",3.209625,4.0138397,2.5238373,1.6124693,3.9771545
68082,"Cloyce Talbott",3.5490427,4.6282959,3.5483265,3.483964,4.8127012
69712,"David Kemper",4.605588,5.5744443,5.6883154,3.4693892,2.8853672
69797,"Will Oberton",4.6997008,5.0751605,4.9501648,4.3713107,3.559453
70397,"John Blystone",4.5473895,5.1196713,5.4065003,4.049993,3.2786951
70467,"Macon Brock Jr",4.5664873,5.3622012,4.6527605,3.9946527,2.946964
70752,"Bob Gallagher",3.5028281,4.3783674,2.7445533,2.7672522,4.3048811
70822,"Ted Carlson Jr",4.7982302,5.1475329,4.6291003,3.4964087,3.0719521
71142,"Joseph Field",4.8753505,5.3696299,5.2610307,4.0417213,3.2409325
71147,"Dennis Bakke",4.6589913,5.1772647,6.2320962,4.034112,2.9462361
71157,"David Field",5.1332574,5.2538056,5.1200929,4.0741315,3.1748741
71242,"Kent Thiry",6.3916101,4.9138432,7,6.9927378,1.3245529
81187,"Jack Larson",4.5889282,5.1907735,4.7054133,4.0829463,3.0112662
81407,"Jeff Curler",4.5255075,5.1741414,5.4532976,4.141705,3.2540336
81557,"Harold Messmer Jr",4.4525914,5.3079777,4.8380728,4.4755759,3.4290261
81617,"Tom Watjen",4.886776,5.5124173,5.5716243,4.5379934,3.0093958
81677,"Murry Gerber",4.024786,4.9659395,4.1499333,3.4079177,4.1611972
81762,"Dave Porges",4.3269567,5.186749,4.0173721,3.7379224,3.5966005
81852,"Alan Miller",4.9332457,5.4320607,5.8622966,4.0487518,3.5525951
81887,"Gerry Lipkin",4.502212,5.5394244,4.6914878,3.3203282,3.4391689
81907,"David McClanahan",4.3659606,5.2088265,4.343236,3.7381876,3.8303335
82452,"James Ferguson",3.1506233,4.9843125,3.7041121,3.5255578,1.8406756
82517,"Doctor Richard Sands",4.886723,5.2580805,5.0730524,4.2834744,3.4110973
82742,"Kobi Alexander",5.0347219,4.6958818,4.2383127,4.962698,2.9665391
82892,"Michael Fleisher",4.9344115,5.2662334,5.0901017,4.7425361,3.0602117
83052,"George Chamillard",4.7659082,4.9601278,5.1734176,4.3650246,3.716361
83082,"Roy Vallee",5.4962978,5.4015617,6.6289649,2.985842,2.7536752
83377,"Jensen Huang",4.8971958,4.5852637,5.0402551,5.1479869,3.0949512
83652,"Jure Sola",5.7144408,5.3339548,4.3837886,5.3670993,3.0192864
84192,"Jim O'Brien",4.5542979,5.0327039,5.3007426,3.5426223,3.2483404
84342,"Harris DeLoach Jr",4.4491525,5.1603632,4.9320216,3.8546169,3.2503495
84612,"Joe Saunders",4.9849968,5.002234,4.2011724,4.2065721,2.3922055
84747,"Norman Axelrod",5.2056541,5.6920714,4.9633989,3.996217,2.7724195
85822,"Ed Kaplan",4.988234,4.9263792,4.7019529,4.7348633,3.2483859
86007,"Mark Hurd",5.0981364,4.9959974,6.2019167,4.5698147,3.1218388
86977,"Pete Miller Jr",3.9844067,5.2156749,4.4336519,3.6633863,3.2572687
87192,"Harris Lance",4.3275962,4.8378239,4.8218312,3.7982941,3.544667
87357,"Joseph Lemieux",4.603158,5.1377158,4.7229776,4.1777759,3.6778624
87392,"John Trani",4.6374969,5.1340532,4.9302917,3.8945727,3.4601989
87847,"George Engelke Jr",4.3892293,5.4591432,4.8022695,3.2484524,3.5008845
88197,"Steve Hansel",3.3326368,2.138658,1.1983603,2.7330263,1.068534
88437,"David Kyle",4.4497647,5.1990991,4.3651528,3.686584,3.7643428
88857,"Les Vinney",4.8283238,5.409678,5.0919986,4.3862648,3.3282735
89112,"Matthew Massengill",4.7905483,5.3677578,4.971343,4.5712333,3.3553417
89447,"Doctor Felix Zandman",4.4156003,4.7456212,5.0013714,3.6513731,3.2509294
89522,"Doctor Gerald Paul",4.4297671,4.9111958,5.0497689,4.1096807,3.2933826
90062,"Mike Mussallem",4.8465772,5.0317678,5.2350974,4.4091039,2.8921332
90152,"Wayland Hicks",4.7871432,4.9612813,4.741591,4.2076368,3.5126834
90587,"Rich Noll",4.7003059,5.3307309,5.4309959,4.2816558,2.8585694
90962,"Geoff Tate",4.979249,4.8503857,4.9287543,5.0502105,3.536757
91106,"Paul Varga",5.076468,5.5210528,5.052165,4.3020344,3.1350143
92217,"Mark Miller",5.1570301,5.3081136,5.3528051,4.7815909,3.1560402
102797,"Daniel Duval",4.3604603,5.3214412,4.6507978,3.6539032,3.0375726
102852,"David O'Reilly",4.7231927,5.3615603,4.7959528,4.3370571,3.4342346
102957,"Mike McCallister",5.1064091,5.3241735,6.5811582,3.062068,2.5857847
103257,"John Donahoe II",5.6105156,5.6081662,5.1427741,5.0875988,1.7552643
103277,"Bill Mitchell",4.4086857,5.5183573,4.8553276,4.5010924,3.2024047
103557,"Bob Toll",4.4419875,5.2174921,4.108067,3.4080441,3.7545428
104622,"Steve Zelnak Jr",4.1697726,4.9675879,4.2684803,3.3691549,3.9615858
105922,"Dave Joos",4.5557837,5.2422791,4.6616015,3.8876786,3.6397617
106669,"Andrew Liveris",3.9330971,5.2129111,4.9613771,3.4881196,3.9929099
140107,"Malon Wilkus",4.4593754,5.1170454,4.1754065,3.534692,3.6613376
140460,"John Tyson",4.5824189,5.3825855,4.6368041,3.730716,3.3142405
140469,"Leland Tollett",4.4761577,4.9983549,4.6962905,3.2893384,3.1668205
140551,"Richard Scrushy",5.1247268,5.3665438,5.4254599,4.3465476,2.975045
140603,"Mary Sammons",5.2638154,5.6889815,4.9957528,4.7535396,3.0787818
140630,"Doctor Marijn Dekkers",4.8233109,5.2670555,5.4184871,4.5945444,3.0181954
140694,"John Surma Jr",4.602067,5.7638726,2.901053,5.1958413,5.2153287
140784,"Michael Balmuth",5.107233,5.8415732,5.0362859,4.6028953,2.8719127
140952,"Dustan McCoy",3.9019191,4.4886875,4.478631,4.0625129,3.4619203
141344,"Roger Markfield",5.0487218,6.2281504,4.5608668,4.6241684,2.3371186
141347,"James O'Donnell",5.0779829,5.6611195,4.5778499,4.2765241,3.4390383
141392,"Kumar Mahadeva",4.8829947,5.334785,5.3520341,5.0699935,4.1170888
141499,"Jack Poe",4.6927667,4.7549052,4.4295325,4.7817421,3.4820256
141550,"Doctor Peter Farrell",5.2464643,5.3525271,4.7520247,5.4110937,2.626086
141647,"Paul Garcia",4.8190861,5.2592897,4.9548917,4.0171385,3.10145
141731,"John Chen",4.9653716,5.0773864,5.2146559,4.3982434,3.0971684
142070,"Joe Forehand Jr",4.9086003,5.3542271,5.556396,4.9786358,3.3301756
142081,"Bill Green",3.9952655,6.1918144,7,5.4173312,2.0992203
142115,"Rich Handler",4.6372132,5.266953,5.1128359,3.8609455,3.3862376
142213,"Jeff Black",4.6842961,5.210413,5.1284237,4.4345756,3.1471493
160007,"Gary Brukardt",5.709456,4.526722,5.0623255,5.1886506,2.64691
160028,"Bill Harvey",4.5463614,5.8045197,4.0825133,4.318089,3.4176402
180239,"Chris Nassetta",5.0475016,5.1430964,3.6499128,3.8427203,4.4546175
180569,"Doctor Martin Loeffler",4.6094742,4.762053,5.2769861,4.2009325,3.324765
180604,"Robert Spoerry",4.9839058,5.272944,5.2214308,4.8314438,3.1812215
180631,"Derrick Key",4.974956,5.0907254,6.3859186,4.4691734,3.3155308
180639,"Brian Jellison",4.6082811,4.9813623,5.032649,4.1562719,3.5019858
180856,"Paul Eibeler",4.8937545,5.024951,4.7151141,4.750484,3.2792339
180873,"Matthew Szulik",5.3523684,5.3262739,5.5031238,4.9843616,3.1141498
180915,"Jim Keyes",5.9367576,3.9285011,7,5.9769244,1
180971,"Jeff Lapin",5.0107703,5.0742316,4.8309283,4.408886,3.2525742
180974,"Jim Wright",4.6213756,5.8233442,4.9345207,4.3706174,3.1673996
181113,"Bob Bruggeworth",4.6169457,4.7825842,5.2954669,4.7256284,3.0562947
181369,"Neal Patterson",5.1725116,5.3631096,5.5308762,4.6523514,2.9772666
181370,"Doctor Lenny Bell",5.7836819,5.6247497,5.4598989,5.9133253,2.0650587
181456,"Wilson Sexton",3.6887698,5.8608165,4.2019858,4.6787214,3.2600203
181484,"Brad Jacobs",4.7922754,4.677876,4.6426601,3.9351521,3.2808197
181541,"Ron Nelson",3.8595302,4.4509406,3.7594626,3.0341754,3.9509945
181628,"David Schwartz",4.8112149,4.6694193,2.4324875,3.6378679,4.5283427
181631,"Norman Schwartz",4.656127,5.1378226,4.934782,4.7450318,3.2410104
181652,"Peter Munk",4.2578359,5.1851621,5.4583073,3.6612101,3.2040226
181782,"Robert Weiss",5.0104508,5.1066842,4.8208957,4.5865402,3.2802866
182088,"Wilmot Hastings Jr",5.4932437,4.7725749,5.7440176,4.6649542,2.7450466
182411,"Lip-Bu Tan",5.0184088,5.0014892,5.1527796,5.24193,2.9736168
182557,"Ron Mittelstaedt",4.7364359,5.1376534,4.7315464,3.9145443,3.711587
182636,"Gordon Stitt",5.3396335,5.169251,5.4956584,5.2794447,2.8687053
182663,"Kevin Sheehan",4.2562299,5.0413694,4.674952,3.8024635,3.5422494
182710,"Doctor Josh Boger",5.2080097,5.6602015,4.8849616,5.1867433,2.1985154
183011,"Michael Henry",4.6834736,5.42485,5.041306,3.958317,3.747649
183093,"Steve Berglund",4.7765512,4.93716,4.9568558,4.3693924,3.4241159
183262,"Jim Rogers",4.3779731,5.0344849,5.1770315,4.0660348,3.4761713
183300,"Will Lansing",5.0041437,5.2538357,5.0257382,4.3357677,3.0766017
183428,"Mike Cherkasky",4.7495337,5.2672668,5.09516,4.0823107,3.3107758
183490,"Jeff Sterba",4.4186206,4.9021592,4.3423367,3.5975058,3.5846035
183686,"Jim Taiclet Jr",4.5729246,5.1557393,4.4184179,3.4782436,4.10882
183773,"Scott Edmonds",5.0733638,5.882082,4.7324162,4.482326,2.5040114
183806,"John Lundgren",4.5894041,5.1036458,5.124589,4.0656343,3.2776906
183936,"Steven McCracken",4.3959727,5.3434372,5.0516725,4.1604671,3.4092314
200039,"Mark Rohr",4.2592177,4.9270363,5.0008001,3.7284973,3.5979095
200165,"Jim Voelker",4.9657831,5.0936804,5.2746124,4.7201457,3.282047
200407,"John Legere",5.4648333,5.1771598,5.8268838,4.6552572,2.7662165
200441,"Enrique Salem",5.1266317,4.9648333,5.5225019,4.9552779,3.1478066
200446,"John McGlade",4.2636008,5.136929,4.9173555,3.6849799,3.8558009
200799,"Gene Lee Jr",3.9848864,4.797298,5.1501179,2.8051281,3.6656291
200882,"John McAdam",4.8955722,5.0012589,5.4407439,4.6585269,3.160146
200919,"Lloyd Carney",5.2645249,4.8881493,5.6925912,4.1947203,3.1964309
201093,"Doctor Len Schleifer",5.4963508,5.3480778,4.5547657,5.9356184,2.0494983
201193,"John Haley",1,2.0124648,1.5365165,1,1
201319,"Harold Korell",3.8218048,4.8060846,3.6382265,3.3846428,4.7972059
201404,"Tom Howatt",4.3801994,5.0015998,5.1047516,3.6640968,3.1018903
201408,"Michael Bradley",4.6780853,4.8040743,5.0434761,4.2279468,3.6839981
201483,"Bill Nuti",4.9829555,5.0007815,3.6615491,4.7909908,3.8524919
201540,"Dick O'Brien",3.8331928,4.7230415,3.8217793,2.8874295,3.9935799
201727,"Tony Petrello",4.363143,4.8048587,4.5676718,3.8042169,3.4242065
201912,"Mike Fister",4.9172153,5.2118053,5.1542468,4.3007851,2.9286568
201946,"Michael Neidorff",4.9296794,5.4806161,4.9773917,4.1706548,3.038868
202229,"Dave Peterschmidt",4.5565243,5.019989,5.3694224,4.3246808,3.0893099
202282,"David Zaslav",5.179482,4.9845676,5.320117,4.2870927,3.1406889
202341,"John Meyer",5.1972175,5.3446403,5.7394915,4.5264516,2.9497805
202425,"Jim Cashman III",4.9247298,5.1605644,5.4124327,4.6466923,3.1971085
202435,"Doctor Sanjay Jha",5.1028905,5.9322338,7,5.2996445,1.04215
202548,"Marillyn Hewson",4.1040163,4.9643316,4.7387676,3.8550966,3.6151423
202680,"Marc Casper",4.9051328,5.3758235,5.4888878,4.6446195,3.0156968
202913,"Dan Dinges",3.574816,4.6235628,3.4184954,2.9482059,4.9948959
203640,"Kevin Kabat",4.6959558,5.5108023,5.2817297,4.1155481,3.0565023
203663,"Greg Hayes",3.9019401,4.6477857,4.9430408,3.7328761,3.6359894
203746,"Jeff Mezger",4.4848533,5.1666451,4.2797575,3.2749774,3.9982796
203790,"Mark Angelson",4.8195863,5.295692,5.3097253,4.1163373,3.0445547
203935,"Dirk Meyer",4.4459748,5.8012695,3.696892,6.6947565,3.0194476
204007,"Doctor Ralph Izzo",5.4836035,6.3818746,2.823283,6.6931567,4.1923285
204027,"Herb Allison Jr",3.841568,4.8168969,2.9689412,2.1871567,2.3333015
204211,"Lee Schram",4.9949899,5.2721395,5.4637313,4.2591772,3.1199667
204347,"Lynn Good",4.6194873,5.4052858,4.8410945,3.8071592,3.4480655
204387,"Christopher Kearney",4.4896011,4.9813643,5.0386229,4.1288004,3.7365794
204397,"Lew Kling",4.4717908,4.8081727,5.0467505,3.7278123,3.5631878
204432,"Joe McGrath",2.9672685,3.7510359,2.4709382,1.2135271,3.1304586
204453,"Anders Gustafsson",4.8042555,5.120141,5.2720518,4.7770419,3.0571635
204547,"Jack Barnes",4.9356179,5.3437939,4.4992032,3.670028,3.5825951
204719,"Scott Steffey",4.976862,5.3450637,5.2248111,4.0487671,2.868
204784,"Richard Dugas Jr",4.6232181,5.286694,4.6278725,3.8614118,3.6248291
204836,"Henry Theisen",4.5344319,5.266243,5.279531,4.3720951,3.230494
204855,"Leo Denault",4.4625535,5.3228431,4.5442014,3.8680348,3.5311937
204874,"Tom Georgens",5.4213476,5.3247004,5.950027,5.1760459,1.9568101
205031,"Olivier Filliol",4.8837738,5.3082933,5.2632051,4.4640913,3.2071865
205052,"Al Neupaver",4.1557498,4.9920344,4.7628403,3.4219348,3.5483496
205089,"John Gibson",4.1773863,4.9552999,3.9517498,3.5121357,3.858089
205405,"Sanjay Mehrotra",4.7207747,4.3998914,4.6477776,4.7873988,3.1296461
205487,"Brian Goldner",5.0614519,5.1000991,4.9811535,5.0723219,2.9936945
205492,"Monte Redman",4.3771014,5.3225889,4.3778882,3.1507907,3.4598067
205673,"Don Slager",4.3004065,4.8258061,5.1714053,3.4790049,3.598047
205747,"Paul Sagan",5.4342666,5.0480928,5.6597972,4.6461658,3.0038164
206108,"Joe Papa Jr",5.3521752,5.3771319,5.28617,4.6274471,2.845439
206379,"Frank D'Souza",4.9273686,5.3662663,5.2411304,4.4468098,3.1937249
206428,"Rich Harshman",3.9961102,5.2544394,5.263104,3.765476,3.5774884
206520,"Mohan Maheswaran",4.7153039,4.7505593,5.2324991,4.8015528,3.0972362
206589,"Laura Alber",5.1084313,5.935411,5.0837259,4.7997203,2.685148
206615,"John Ferriola",4.1556439,4.7989335,4.3984151,3.2763939,3.9369104
206976,"Steve Mueller",3.8025725,5.0352769,3.7228789,3.497545,4.956265
206993,"Jason Carlson",4.714303,4.8221359,5.0298142,4.983192,3.3734767
207048,"Clay Williams",4.0584302,4.7939124,3.945786,3.683073,4.1776156
207120,"Peter Lankau",5.3842101,5.7755051,4.9714913,5.551796,2.5202193
207228,"Ed Heffernan",4.6839962,5.0752091,4.7902799,3.8518906,3.213778
207452,"Manny Chirico",5.0403147,5.6242843,4.7986822,4.3259563,2.570869
207627,"Tom Folliard",4.3486042,5.0013061,4.8345604,3.9635036,3.5123682
207884,"Carl Bass",4.9613628,5.1456251,5.4623823,4.6128387,3.1201644
207965,"John Standley",4.9029479,5.321568,5.1908178,4.4791889,2.932724
210035,"Doctor Paul Friedman",5.2705131,5.4045773,4.2693458,5.8050251,2.126801
220005,"Mike Kneeland",4.5117922,5.0184765,4.9614987,3.8351953,3.7323904
220292,"Bill Ayer",4.6401224,4.791996,4.5096712,3.1867216,3.769598
220546,"Ralph Lauren",4.7116694,3.8339508,2.6082301,2.9028082,1.4042629
270758,"Al Stroucken",4.7509332,5.3793778,5.0914316,4.4939742,3.4923971
270963,"Steve Johnston",4.4824967,5.1767735,4.7276592,3.9637604,3.4514763
272234,"Bruce Broussard",5.2882843,5.5524678,5.2231917,4.8433743,2.8802645
272506,"Randall Oliphant",4.1393795,4.9053569,3.718308,2.3908179,4.1577663
272624,"Earl Congdon Jr",4.3328977,5.159647,4.8000393,3.4055927,3.9637077
272769,"Bob Sulentic",4.7266345,5.2288036,5.0922365,4.2395644,3.5867891
272786,"Doctor George Scangos",5.656064,5.5744457,5.4832215,5.417798,2.5828831
274122,"Ken Denman",5.5381308,5.0339308,5.4198785,4.6819015,2.8617494
275101,"Benson Smith",5.2138839,5.488946,5.3653383,4.8268447,3.0338352
275578,"John Pinkerton",3.9441481,4.9372559,4.0361066,3.5272729,4.6191564
310268,"Jon Judge",4.9196792,5.3406162,5.1875553,4.6920686,3.2535522
310270,"Ellen Kullman",5.1605721,5.9663858,5.8355689,4.4013667,3.9555871
310311,"Ward Klein",4.7538848,5.2528205,4.9243088,4.5882783,2.8743284
310366,"Chuck Berger",4.9158225,5.4809375,5.3235106,4.4752517,3.1536763
310487,"Denise Morrison",4.9751759,5.9732761,5.0525355,4.8630257,3.001472
320193,"Roland Smith",4.8562541,5.8274317,4.8936863,4.0007911,3.554565
322971,"Bruce Klatsky",5.1199031,5.9592934,4.2438622,4.455761,2.358007
322975,"Mark Weber",4.6067157,5.3257117,5.0723767,4.1551704,3.2715535
323356,"Jeff Ettinger",5.7798257,6.2250943,4.8852372,5.6533852,4.5596738
323615,"Kevin Benson",4.7468476,5.1456709,5.1744709,4.0289145,3.2948289
324511,"Doctor Gary Guthart",5.4043832,5.5673275,5.2809968,5.3105593,2.5737376
325222,"John Marr Jr",5.0131531,5.3472581,4.9914141,4.6393442,3.2703664
325858,"Tom Fanning",4.41921,5.2325616,4.4119244,3.2572608,3.5417421
326016,"Steve Newberry",4.6242104,4.4313912,5.4762163,4.7858615,3.5052242
326472,"Daniel Hamburger",4.8314013,5.3487291,4.6178479,4.2422137,2.7687178
326555,"Paul Beideman",4.4404235,5.5363445,4.7776947,3.5133927,3.0294788
326734,"Phupinder Gill",4.968955,5.4012122,5.1207399,4.0917149,3.1258874
326736,"Craig Donohue",4.8642588,5.3885012,5.2458754,4.3042669,3.2080243
327474,"Dave Aldrich",4.630342,4.5127301,4.8920002,5.0418391,3.0028327
328877,"Bob Donahue",4.8236032,3.8945293,5.5208898,2.850421,3.9542949
329147,"Rick Hamada",1,1,1,1,1
330281,"Doctor Donald Morel Jr",4.8365464,5.349545,5.2448645,3.9820228,3.8328633
330328,"Muhtar Kent",4.0430517,4.8385477,4.7024441,1.325094,5.4658146
330485,"Alan Wilson",4.8571591,5.6705437,5.180326,4.5333943,3.052479
330703,"Greg Wilkins",4.2546878,5.1795707,4.4923029,3.0277483,3.324435
330733,"Jamie Sokalsky",3.9204974,4.6618104,3.5264735,2.6569653,3.9802516
332588,"Ernie Danner",4.0086446,4.8508239,4.3089828,3.7536786,4.1522107
332876,"Rick Waddell",4.9488177,5.5668187,5.4313784,3.7761922,3.2703478
332915,"Frank Martire Jr",4.9014888,5.3918829,5.1461139,4.1736155,3.0242198
333096,"Thomas Waechter",4.2512717,4.6421423,4.8389726,4.5294504,3.1833019
333171,"Strauss Zelnick",5.1479301,5.0878224,5.4035072,4.51859,3.0090635
333393,"Mike Lovett",5.3698783,4.9562707,5.8080554,4.7640572,2.9370787
333489,"Rich Kramer",4.9607353,3.3859749,2.2503057,3.224628,1
333604,"Liam McGee",4.8253045,5.4608631,5.1469126,4.0938478,2.8807664
333925,"Bob Skaggs Jr",4.5762401,5.1373239,4.443119,3.4059546,3.290834
334236,"John Russell",4.4163418,5.3603883,4.2333665,3.812773,3.7137272
334655,"Don Correll",4.471498,5.2962232,4.3873,3.7281308,3.6551712
335279,"Bob Peterson",4.914083,5.4915075,4.6958094,3.6810682,3.2073917
335399,"Clint Severson",5.1079259,5.5749674,5.13767,5.1399617,2.8401306
335472,"Glenn Murphy",5.1165237,5.6973052,5.1079521,4.5124741,2.8029063
335858,"Mike Jennings",4.7717776,5.143681,4.5256686,4.0865002,1
335875,"Rob Pollock",4.937068,5.5714355,5.2011657,4.0383658,3.3761263
336173,"Mike Minogue",5.7108274,5.4069991,5.5221038,5.7395458,2.3552644
336349,"Fred Eppinger Jr",4.8401036,5.2551956,5.2884054,4.0483856,3.3269196
336406,"Mike Lamach",4.2889981,4.5331044,5.6151171,3.9737544,3.5273395
336815,"David Thompson",3.8403134,4.6889958,4.2993531,3.7088721,3.5158565
337386,"Jay Flatley",4.962142,5.2635398,5.1221113,4.9357052,3.1565933
337999,"Jim Smith",4.4977112,5.5152926,4.9134402,3.8098695,3.2857332
341794,"Joe Swedish",5.2720976,5.4898896,4.1708322,4.8020091,2.8882201
343048,"Oleg Khaykin",4.5965309,4.7303329,4.9015608,4.0861211,3.4850032
343707,"Rodney Sacks",4.8496375,5.2889056,4.8570514,4.3463178,3.2830632
343952,"Doug Tough",5.1549878,5.7876496,5.8686566,4.4275479,3.2422304
345671,"Terry Bassham",4.5808859,5.4096828,4.6856623,4.0588713,3.4451339
346029,"Rick Smith",3.0677979,4.1251297,4.3542924,3.8563266,3.9054658
346471,"Doctor Jay Stein",5.0824943,5.4212608,4.194766,4.492866,2.7336588
349740,"Bill Stone",4.8584695,5.0510001,5.0829997,3.99877,3.4824109
349932,"Steve Demetriou",4.2874799,4.8028936,5.3357873,3.6840796,3.7083313
370374,"Kevin Crutchfield",4.2330852,4.9845638,4.1447806,3.323472,4.1162419
370914,"Oscar Rodriguez",4.7818518,5.1425776,4.4628954,3.4745114,3.2634482
372227,"Jay Taylor",3.4829426,4.6233344,3.2402055,2.2524343,4.2190132
374440,"Steve Wilson",4.2747192,5.043251,4.1030612,3.3095868,3.9223831
375450,"Tom Swidarski",4.7634783,5.1782894,5.6522665,4.5586562,3.1153913
375926,"Marc Benioff",5.382144,4.9733882,5.4125481,4.5593066,2.8682358
443291,"Alan Armstrong",4.0251021,4.9099884,3.9982145,3.4467251,4.2622752
444684,"John Coyne",4.7240186,4.8174105,5.1673279,4.5220699,3.4196169
444827,"Brad Smith",5.2823553,5.3407898,5.2575932,4.8631105,2.8388145
446101,"Rick McVey",4.7183375,4.6794443,3.4505649,4.7566314,2.8766308
447591,"General John Jumper",3.9640441,5.1502008,5.470592,3.371001,3.598922
447596,"Michael Hsing",4.5444598,4.7433944,4.7496715,4.4881487,3.2138085
450233,"Doctor Santanu Das",4.929318,4.7459693,5.1450524,4.4022331,3.2083361
451398,"Jim Prokopanko",3.6693032,4.4617801,3.8976352,3.0997765,3.7268612
452023,"Joe Taranto",4.8287983,5.4062929,5.4926448,4.6710458,3.1918235
452539,"Mark Blinn",4.3240285,5.014513,4.9503012,3.9635274,3.6220353
452542,"Martin Anstice",4.7527957,5.1467376,5.1572127,4.4151678,3.1410792
452885,"Mark McLaughlin",5.1305399,5.0666976,5.3472209,4.6618056,3.1511345
454318,"Ray Wirta",4.6870008,5.2165008,4.3411098,3.9037297,3.6140034
456592,"John Hayes",4.4699254,5.1655955,5.0427485,4.0614362,3.4460011
456595,"Martin Craighead",4.0359163,4.8614144,4.4411898,3.7158563,4.1009588
483438,"Bill Wulfsohn",4.5284295,5.211679,5.1333613,3.3929143,3.5521336
483835,"Gary Heminger",3.6795211,4.6287618,3.8050945,2.7638171,4.2395248
484620,"Bill Brown",4.5669889,5.4960985,5.0983229,3.0874746,3.6791868
484855,"Paal Kibsgaard",4.0178828,4.802072,3.9290028,3.8675747,4.1253781
485621,"Ian Read",5.3350263,5.6155038,5.3672333,5.0938306,2.4019363
485706,"Steve Kandarian",4.6460271,5.1825509,4.9839892,3.864532,3.2829177
486028,"John Cannon III",4.3049021,5.1762638,5.2380204,4.0879936,2.5904894
486086,"David Wallis",4.3747706,5.2437067,5.0013571,3.5800097,3.0282476
486834,"Ryan Lance",4.0118465,4.8829536,4.1910415,3.3753247,3.8400052
487099,"Mary Dillon",5.265604,5.6490912,5.4140606,4.6751981,2.7891896
487275,"Luke Kissam IV",4.5078254,4.1726055,3.7379198,4.4972239,3.2773008
487366,"Angela Braly",6.5870829,6.6035976,5.4133916,7,1.2280037
488379,"Kevin Plank",5.1235318,5.681541,4.9373407,4.4894328,2.5116971
488571,"Mark Jagiela",4.6265144,4.5594687,4.5871978,4.9142432,3.039829
489040,"Dave Kirchhoff",5.2263341,5.5764194,5.1910276,4.7462015,2.7100885
489174,"Jeff Sprecher",4.9597597,5.256609,5.8321662,3.5926249,3.3128812
489256,"Denise Ramos",4.1043143,4.7052131,5.4548035,3.9818785,3.4099009
489318,"Joe Carrabba",3.7981424,4.7264047,3.9716992,2.89466,4.2265968
489595,"Dan Ninivaggi",4.3142123,4.2256355,4.4412842,2.6078954,3.2184193
490718,"Tom Joyce Jr",4.8863726,5.2187099,5.2395797,4.1867561,3.2628124
492239,"Pierre Nanterme",5.2124848,5.375772,5.3697696,4.5998063,2.8994164
499582,"Scott Anderson",4.9382849,5.1668177,5.0260463,4.8207402,3.3105564
500070,"Wyman Roberts",4.9160461,5.6834979,4.9014072,4.0290713,3.401845
501690,"Scott Howe",5.4159856,5.4134297,5.7510176,4.8612127,2.8136563
502258,"Hikmet Ersek",5.0190859,5.3555336,4.7120562,4.5150752,3.0352497
510444,"Bill DeLaney III",5.564086,5.9016995,4.6356015,3.5933683,3.6723311
512578,"Robert Vrij",5.1264997,5.439508,5.4195437,5.0131125,2.8400872
532168,"Gretchen McClain",4.4507761,4.8996172,5.4959226,4.1350002,3.3796375
532411,"David Seaton",4.0162373,5.0892653,4.238759,3.7699111,3.9804628
533163,"Paul Campanelli",5.1079059,5.2537479,5.1495929,4.6998892,2.8547947
533555,"Nick Akins",4.6922603,5.4094081,5.0796127,4.0283451,3.5717132
533764,"Lowell McAdam",5.1735964,4.9096136,5.8900223,4.3484173,2.9880235
533922,"Ben Feder",5.08884,4.773459,5.0804534,4.5868387,2.8507452
534445,"Inge Thulin",4.9642243,5.2183003,5.4357452,4.3717413,2.8537953
534543,"Bob Bradway",4.834435,5.1275492,3.9545326,4.4072332,2.0227492
534777,"Mark Costa",4.3806639,4.9490409,5.4795747,3.8561742,3.3311756
534932,"Frank Bisignano",4.3398395,5.3223872,5.2740955,3.9858172,3.3531351
534954,"Chris Crane",3.6372008,5.9715047,4.1949077,5.3240428,4.1474023
535086,"Dave Wood",3.3925674,4.7082362,3.3316774,3.4304564,4.8427377
535729,"Susan Story",3.7999237,4.8109255,4.246314,3.5988638,3.7798305
536170,"Craig Menear",5.1877804,5.7837529,5.1741486,4.6617994,2.9842503
541636,"George Barrett",5.3698688,5.6507068,5.718441,4.9167833,2.9941835
541897,"David Hallal",5.9003167,5.8625636,5.3292503,6.478838,1.9751036
542142,"Doctor Lisa Su",4.7541833,4.6535144,4.7212558,5.6913013,3.0759244
549866,"Walter Rosebrough Jr",4.5385132,4.9576612,4.7811766,4.3898544,3.1391108
550938,"Mike Ahearn",4.3575397,5.2767529,4.6779518,3.6371675,3.9377732
550943,"Jeff Slovin",5.196651,5.340734,4.9805226,4.8456864,3.2702785
551171,"Michael Rapino",5.1486554,5.0435047,5.0191774,4.2054806,3.2643783
594011,"Alex Molinaroli",4.3833876,5.0477252,5.6190519,4.0610871,3.1655467
598481,"Henry Fernandez",4.9773622,5.219357,5.0301437,4.2953858,3.3228157
598486,"Roger Linquist",4.5107841,3.460423,3.7905097,3.1023977,2.7573695
598774,"Patrick Decker",4.6971836,5.2578483,5.5595431,4.127295,3.4825726
599918,"Jack Fusco",4.2105379,5.3352385,4.2902341,3.5835068,3.5606112
602673,"Kevin O'Donnell",4.8363318,5.2188926,5.1536551,4.1230183,3.2582297
604908,"Mike Corbat",5.0668101,5.4667783,5.2891436,4.307857,3.0075214
604944,"Dave Holveck",5.5702343,5.7636776,5.4235363,5.5556464,2.5927439
607236,"Greg Johnson",4.7324848,5.312458,5.0495739,3.9400191,3.4204128
620135,"Pierce Norton II",3.7336555,4.7677383,3.1109402,3.3956361,4.5885105
620137,"Terry Spencer",3.6641502,4.6784921,2.9981492,3.0059488,4.2456861
621903,"Mark Sutton",4.0935321,5.105618,4.6030984,3.7862542,3.7015254
646335,"Mark Zuckerberg",5.5883183,5.1577029,6.1759887,4.4766016,2.5798006
730580,"Barry Perry",4.1212573,4.7454376,4.8095427,3.9229178,3.5571418
745222,"Carlos Rodriguez",5.0348358,5.4957337,5.2666516,4.6876054,3.0749321
747756,"Alex Gorsky",5.3699059,5.6466513,6.1825953,5.1521034,2.7002444
750963,"Benno Dorer",4.702178,5.4157457,5.4185147,4.0051842,2.765826
764621,"Brian Krzanich",3.8633897,4.7131915,4.3073688,4.8269181,3.4019933
772452,"John Klein",4.7039156,5.3507557,4.7097578,4.1565185,3.2989354
793112,"John Idol",5.2218442,5.840549,4.9725103,4.8653069,2.641161
801207,"Hubert Joly",5.2562799,5.7600689,5.5287304,5.3535376,2.5438945
833894,"George Oliver",4.6041036,4.9879222,5.6909475,4.4204044,3.1797101
834687,"David Smith",4.5053253,4.9331589,4.701932,3.583173,4.1533675
837065,"Omar Ishrak",5.0978651,5.3962708,5.5340099,4.7498655,3.0707357
837621,"Sean Connolly",4.7446008,5.6343255,5.2424631,4.3201585,3.2740376
879252,"Mike Mahoney",4.8503041,5.1839881,5.1557345,4.6642394,3.5135288
886673,"Diana Adams",4.4574089,5.5185757,4.8566723,3.8619463,3.5217569
887000,"Dom Addesso",4.7919955,5.1536298,4.4372187,3.4658082,3.9216599
982449,"Frank Coyne",5.1641908,5.3885636,5.9136238,3.5860195,2.9842064
982579,"Scott Stephenson",5.1514597,5.5178704,5.5824189,4.4893279,2.9368439
992623,"Kessel Stelling Jr",4.5928206,5.4105496,5.2715259,3.7718992,3.2611544
1008949,"Jerome Peribere",4.6200047,5.2335491,5.3196902,4.0419531,3.1152687
1009744,"Roger Jenkins",3.7669904,4.7050157,3.3350811,3.1749637,4.6194906
1047323,"John Chiminski",5.4964223,6.0530519,5.6136909,6.2747841,3.3153236
1053922,"Doug Yearley Jr",4.43536,5.1997294,4.2401314,3.5719104,3.7952988
1055310,"Ken Xie",5.3521261,4.8906875,5.6061192,5.504344,3.1047165
1070934,"Dave French",4.6781816,4.8875241,5.0960708,4.9901814,3.0845542
1076347,"Jeff Sloan",4.9775076,5.3212676,5.2126436,4.5305009,3.2128158
1077323,"Doctor Ludwig Hantson",5.1128445,4.9248662,4.5376139,4.9179411,1.5886416
1081716,"James Verrier",2.5623763,3.4496212,4.1768403,3.5272453,4.5771947
1085549,"Tom Hill",4.3097167,3.7379446,4.0251083,4.0975423,1.3447118
1089889,"Mick Farrell",4.5395484,5.191844,4.7726274,3.6543126,3.3031707
1090459,"Victor Luis",5.4243288,5.7829151,4.6238585,4.8822241,2.6371267
1094244,"Jim Herbert II",4.6482258,5.2678618,4.8237467,4.2413154,3.4708879
1117420,"Kevin Lobo",4.9918761,5.5739503,5.4757695,4.3568149,3.1297202
1126646,"Rory Read",4.6519704,4.7886763,5.4064755,5.1899014,3.1567237
1201373,"Bernardo Hees",4.3065519,5.4649491,4.3706727,3.8371711,3.2933035
1207036,"Andrew Wilson",5.3468008,5.0609012,5.8452821,5.4759493,2.9549453
1282519,"Robert Thomson",5.4596176,5.5004396,5.3586645,4.3131189,2.6769152
1314672,"Lee Tillman",3.2595093,4.5231833,3.435287,3.1130562,4.8184662
1702136,"John O'Donnell",4.8966408,5.2691121,5.49716,4.6717453,3.0934634
1948570,"Paul Anderson",4.5753579,5.3348765,4.6165085,3.7554293,3.6488478
16,"David Shaw",,,,,
821,"Jean-Claude Monty",,,,,
957,"Chuck Schwab Jr",,,,,
1704,"Dan Akerson",,,,,
2095,"Chuck Knight",,,,,
2866,"Paul Allaire",,,,,
3162,"Ed Mueller",,,,,
3617,"Doctor Dennis Bristow",,,,,
4450,"Ken Whipple Jr",,,,,
4510,"Kevin Watts",,,,,
4947,"Sir Win Bischoff",,,,,
5237,"Dick Kogan",,,,,
6499,"John Bryson",,,,,
7233,"Roz Brewer",,,,,
7574,"Bob Pittman",,,,,
8707,"Doctor Dugald Baird",,,,,
8747,"Doctor Peter Harf",,,,,
9371,"Charles Burdick",,,,,
9622,"Jack Byrne",,,,,
9738,"Ray Elliott",,,,,
10122,"Steven Bollenbach",,,,,
10146,"Rick Braddock Sr",,,,,
10371,"Edward Isdell",,,,,
10661,"Tom Kemp",,,,,
11003,"Erroll Davis Jr",,,,,
11021,"Doug Dunn",,,,,
11523,"Arun Sarin",,,,,
11732,"LÃ©o Apotheker",,,,,
11978,"Bart Becht",,,,,
12761,"Tom Glocer",,,,,
13108,"Geoffrey Bible",,,,,
13332,"Jim Kelly",,,,,
15156,"Lachlan Murdoch",,,,,
15262,"Peter Wennink",,,,,
17012,"Doctor Rick Thoman",,,,,
22552,"Doctor Jack Welch Jr",,,,,
22706,"Jac Nasser",,,,,
23366,"Bill Ford Jr",,,,,
23482,"Tom Dooley",,,,,
23537,"Bob Bakish",,,,,
24224,"Peter Godsoe",,,,,
24391,"Seifi Ghasemi",,,,,
24504,"Bob Miller",,,,,
24849,"Bill Marriott Jr",,,,,
24868,"Edgar Bronfman Jr",,,,,
24987,"Arthur Martinez",,,,,
25002,"Alan Lafley",,,,,
25017,"Les Moonves II",,,,,
25392,"Phil Carroll Jr",,,,,
25937,"Durk Jager",,,,,
26164,"Doctor William McCormick Jr",,,,,
26649,"Barry Perry",,,,,
27371,"Andy McIver",,,,,
27485,"Larry Ellison",,,,,
29066,"Jochen Zeitz",,,,,
29176,"Louis Camilleri",,,,,
29804,"Dave Weidman",,,,,
29808,"Fred Langhammer",,,,,
30463,"Robert Matschullat",,,,,
31200,"Ralph Larsen",,,,,
31226,"Bill Weldon",,,,,
31458,"Mike Carpenter",,,,,
31466,"John Reed",,,,,
31477,"Andrall Pearson",,,,,
31504,"Larry Bossidy",,,,,
31513,"Carly Fiorina",,,,,
31551,"Ken Frazier",,,,,
31584,"Doctor Hank McKinnell Jr",,,,,
31589,"Bill Steere Jr",,,,,
31611,"Harold Scott Jr",,,,,
31621,"Bill Gates III",,,,,
31662,"Jill Barad",,,,,
31668,"Steve Ballmer",,,,,
31789,"Paul Maritz",,,,,
31854,"Bob Muglia",,,,,
32009,"Charles Heimbold Jr",,,,,
32010,"Jamie Houghton",,,,,
32169,"R Clark",,,,,
32204,"Chuck Prince III",,,,,
32214,"Bob Willumstad",,,,,
32273,"The Hon. Dick Cheney",,,,,
32370,"Jim McNerney Jr",,,,,
32371,"Doctor Bob Nardelli",,,,,
32426,"Jim Ringler",,,,,
32461,"Joe Hogan",,,,,
32533,"Doug Daft",,,,,
32543,"Warren Buffett",,,,,
32570,"Ed Whitacre Jr",,,,,
32573,"Doug Ivester",,,,,
32599,"Mike Lawrie",,,,,
32613,"Kevin Rollins",,,,,
32638,"Evan Greenberg",,,,,
32641,"Hank Greenberg",,,,,
32649,"Sam Palmisano",,,,,
32654,"Lou Gerstner Jr",,,,,
32794,"Frank Zarb Sr",,,,,
32896,"Bill Amelio",,,,,
32899,"Gus Blanchard III",,,,,
32910,"Dick Kovacevich",,,,,
33020,"Betsy Holden",,,,,
33072,"Randall Stephenson Jr",,,,,
33129,"Thomas O'Brien",,,,,
33178,"Hugh McColl Jr",,,,,
33248,"Dave Pottruck",,,,,
33350,"Mike Eskew",,,,,
33351,"Captain Dan Mudd",,,,,
33354,"Bob Morrison",,,,,
33409,"Gordon Binder",,,,,
33452,"Jack Greenberg",,,,,
33454,"David Jones Sr",,,,,
33472,"Rich McGinn",,,,,
33491,"Professor Doctor Jeff Leiden",,,,,
33503,"Safra Catz",,,,,
33535,"Hans Becherer",,,,,
33569,"Keith Block",,,,,
33581,"Mike Bonsignore",,,,,
33593,"Paul Chellgren",,,,,
33610,"Clifford Alexander Jr",,,,,
33627,"Arthur Blank",,,,,
33628,"Greg Maffei",,,,,
33659,"Peter Browning",,,,,
33661,"Ken Thompson",,,,,
33668,"Harvey Golub",,,,,
33689,"Al Kelly Jr",,,,,
33694,"Carol TomÃ©",,,,,
33719,"Doctor Vance Coffman",,,,,
33722,"Lewis Campbell",,,,,
33736,"Doctor Bill Stavropoulos",,,,,
33763,"Lanty Smith",,,,,
33812,"Andy Rasdal",,,,,
33822,"Livio DeSimone",,,,,
33852,"Roger Hochschild",,,,,
33966,"Pete Coors",,,,,
34009,"Pat Stokes",,,,,
34013,"Jack Grundhofer",,,,,
34052,"Greg Parseghian",,,,,
34135,"The Hon. Hank Paulson Jr",,,,,
34164,"David Moffett",,,,,
34167,"Andy Cecere",,,,,
34204,"Jack Schiff Jr",,,,,
34222,"Pat Russo",,,,,
34223,"Art Weinbach",,,,,
34224,"Gene McGrath",,,,,
34226,"Leo Kozlowski",,,,,
34262,"John Fort III",,,,,
34281,"Dan Jorndt",,,,,
34282,"Dave Bernauer",,,,,
34288,"Al McNally",,,,,
34317,"Jeff Rein",,,,,
34334,"Ed Breen",,,,,
34394,"Louis ChÃƒÂªnevert",,,,,
34404,"Hap Wagner",,,,,
34413,"Greg Wasson",,,,,
34436,"Bill Berry",,,,,
34465,"Robert Niblock",,,,,
34471,"August Busch IV",,,,,
34543,"David Johnson",,,,,
34596,"Doctor Phil Condit",,,,,
34668,"Devin Wenig",,,,,
34678,"Doctor Tom Engibous",,,,,
34696,"Bill Andres",,,,,
34714,"Mike Parker",,,,,
34826,"Chris Kubasik",,,,,
34866,"Jim Farrell",,,,,
34883,"George Tamke",,,,,
34920,"Jim Meyer",,,,,
34948,"Charles Cawley",,,,,
34949,"Alfred Lerner",,,,,
34977,"Bruce Hammonds",,,,,
35016,"Tom Falk",,,,,
35031,"Terry Murray",,,,,
35050,"T Dunphy",,,,,
35069,"Tom May",,,,,
35103,"James Benson",,,,,
35109,"Jeff Greenberg",,,,,
35119,"Laurence Tisch",,,,,
35142,"Doctor Thomas Frist Jr",,,,,
35161,"Steve Hardis",,,,,
35175,"Sam Hazen",,,,,
35177,"R Johnson",,,,,
35223,"David Farr",,,,,
35248,"Bill Cobb",,,,,
35256,"Douglas McCorkindale",,,,,
35288,"Tom Lynch",,,,,
35308,"John Curley",,,,,
35310,"Chris Galvin",,,,,
35347,"Fred Tucker",,,,,
35448,"James Zimmerman",,,,,
35484,"Richard Anderson",,,,,
35509,"John Wren III",,,,,
35571,"Doctor Jeff Bleustein",,,,,
35587,"Jim Ziemer",,,,,
35608,"Bob Fisher",,,,,
35622,"Bill Lindig",,,,,
35678,"Maury Myers",,,,,
35691,"Larry Montgomery",,,,,
35745,"George Sullivan",,,,,
35799,"Professor Doctor John Malone",,,,,
35803,"Brian Roberts",,,,,
35815,"Bruce van Saun",,,,,
35840,"Wallace Malone Jr",,,,,
35889,"Vic Lund",,,,,
35915,"Don James",,,,,
35937,"William McMullen",,,,,
35939,"Doctor Joseph Pichler",,,,,
36014,"Bill Osborn",,,,,
36112,"Raymond LeBoeuf",,,,,
36114,"Ken Wolfe",,,,,
36116,"Chuck Bunch",,,,,
36118,"Rick Lenny",,,,,
36178,"Ken Powell",,,,,
36223,"Mindy Grossman",,,,,
36255,"Dave Mackay",,,,,
36264,"Glen Barton",,,,,
36267,"Corbin McNeill Jr",,,,,
36276,"Jim Jenness",,,,,
36279,"Bill Perez",,,,,
36329,"Kevin Sheehan",,,,,
36348,"Doctor Ramani Ayer",,,,,
36353,"Bob Selander",,,,,
36487,"Duane Collins",,,,,
36501,"Chris Connor",,,,,
36539,"Ray Bingham",,,,,
36541,"Tom Chapman",,,,,
36542,"H Franklin",,,,,
36550,"Bill Dahlberg III",,,,,
36748,"Ron O'Hanley III",,,,,
36791,"AndrÃƒÂ© Calantzopoulos",,,,,
36800,"Jim Tisch",,,,,
36806,"Bob Lane",,,,,
36838,"Lloyd Blankfein",,,,,
36841,"Bob Steel",,,,,
36850,"Sam Allen",,,,,
36854,"Marsh Carter",,,,,
36866,"Bobby Mehta",,,,,
36885,"Ron Loeb",,,,,
36888,"Chris Sinclair",,,,,
36907,"Larry Culp Jr",,,,,
36986,"Glenn Andreas Jr",,,,,
37206,"Ned Barnholt",,,,,
37246,"Steve Rusckowski",,,,,
37351,"Orin Smith",,,,,
37421,"Steve Farris",,,,,
37441,"Steve Temares",,,,,
37711,"Leonard Feinstein",,,,,
37726,"Pat Hassey",,,,,
37911,"Joe Galli Jr",,,,,
38021,"J Nichols",,,,,
38096,"Brian Duperreault",,,,,
38106,"Joe Foster",,,,,
38276,"Bob Kohlhepp",,,,,
38326,"Bill Sovey",,,,,
38496,"John McDonough",,,,,
38561,"Ben Cammarata",,,,,
38571,"Arne Sorenson",,,,,
38606,"Jim Broadhead",,,,,
38656,"Harry Kraemer Jr",,,,,
38671,"Ted English",,,,,
38771,"Jack O'Brien",,,,,
38821,"Tom Golisano",,,,,
39126,"Wes Bush",,,,,
39251,"Doctor Hector de Jesus Ruiz",,,,,
39706,"J Leonard",,,,,
39936,"Mark Grier",,,,,
39976,"Peter Lewis",,,,,
40166,"Jim Young",,,,,
40291,"Tricia Griffith",,,,,
41441,"Doctor Jim Owens",,,,,
41541,"Doug Oberhelman",,,,,
42211,"Mike Williams",,,,,
42256,"Charles Bell",,,,,
42306,"Russ Smyth",,,,,
42316,"Rob Henrikson",,,,,
42556,"Mark Fields",,,,,
42686,"Mike Sievert",,,,,
42771,"Rick Schnieders",,,,,
43076,"Fred Smith",,,,,
43406,"Joe Lacher Jr",,,,,
43416,"Charlie Ergen",,,,,
43616,"Jim Sinegal",,,,,
43676,"Rich Barton",,,,,
43701,"W Jelinek",,,,,
44201,"Phil Humann",,,,,
44241,"Richard Rollins Sr",,,,,
44521,"Bill Rogers Jr",,,,,
44536,"Ken Dahlberg",,,,,
44811,"Doctor Jeff Maurer",,,,,
44831,"Herb Kelleher",,,,,
44861,"Henry Meyer III",,,,,
44896,"Jim Parker",,,,,
44981,"Bob Gillespie Jr",,,,,
45046,"Doctor Ernest Draper Jr",,,,,
45136,"Jeff Bezos",,,,,
45616,"Brad Anderson",,,,,
45731,"John Griswell",,,,,
46261,"Phil Schoonover",,,,,
46396,"John Jones III",,,,,
46401,"Darren Jackson",,,,,
46501,"Larry Zimpleman",,,,,
46551,"Bob Sadler Jr",,,,,
46761,"Greg Summe",,,,,
46766,"Richard Keyser",,,,,
47046,"Steve Angel",,,,,
47146,"Tony Alexander",,,,,
47161,"H Burg",,,,,
47456,"Doctor John Martin",,,,,
47541,"Rick Dreiling",,,,,
47736,"Ed Ludwig",,,,,
47771,"Pierre Laubies",,,,,
48076,"Bob Swan",,,,,
48171,"E Ferland",,,,,
48201,"Doctor John Milligan",,,,,
48386,"Steve Tobias",,,,,
48416,"Bill Hickey",,,,,
48691,"Mike Critelli",,,,,
48736,"Clateo Castellini",,,,,
48741,"Steve Bennett",,,,,
48756,"Bill Campbell",,,,,
48776,"Stratton Sclavos",,,,,
48786,"Rich Fairbank",,,,,
49266,"Armando Anido",,,,,
49516,"Dato' Steve Luczo",,,,,
49581,"Doctor John Warnock",,,,,
49701,"Steve Lilienthal",,,,,
49751,"C Ritter",,,,,
49866,"Frank Salizzoni",,,,,
49881,"Doctor Roger Ackerman",,,,,
49911,"John Loose",,,,,
49966,"Bill Rhodes III",,,,,
50251,"O Hall Jr",,,,,
50321,"John Adams Jr",,,,,
50521,"Dave Yost",,,,,
50551,"Beth Mooney",,,,,
50646,"James Chandler",,,,,
50666,"Earnie Deavenport Jr",,,,,
50821,"Jeff Barbakow",,,,,
50926,"Van Honeycutt",,,,,
51306,"D Jordan",,,,,
51351,"David Harquail",,,,,
51621,"Eugene Miller",,,,,
51677,"Don Brandt",,,,,
51681,"Jack Creighton Jr",,,,,
51817,"Peter Larson",,,,,
51852,"Dean Scarborough",,,,,
51857,"Ken Freeman",,,,,
51976,"Arthur Sulzberger Jr",,,,,
52102,"Bill Taylor",,,,,
52267,"Bill Burleigh",,,,,
52347,"Bob Calderoni",,,,,
52502,"Marty Lyons Jr",,,,,
52522,"Ron Armstrong",,,,,
52782,"Bill Hecht",,,,,
52942,"Dick Farman",,,,,
53262,"Don Peterson",,,,,
53977,"San Orr Jr",,,,,
54192,"Dan Palmer",,,,,
54237,"Robert Glynn Jr",,,,,
54302,"Peter Darbee",,,,,
54562,"C Cox",,,,,
54611,"Dan Schulman",,,,,
54612,"Dennis Glass",,,,,
54867,"Mike Laphen",,,,,
55127,"Bond Isaacson",,,,,
55251,"Ron McCray",,,,,
55677,"Owsley Brown II",,,,,
56206,"Ken Glass",,,,,
56251,"Ralph Horn",,,,,
56472,"Ed Haldeman Jr",,,,,
56477,"Mark Durcan",,,,,
56677,"Dave Duffield",,,,,
56687,"Aneel Bhusri",,,,,
56831,"Don Washkewicz",,,,,
56932,"Tom Reece",,,,,
57101,"Bill Kassling",,,,,
57317,"Bernard Rethore",,,,,
57522,"Craig Arnold",,,,,
57861,"Harris Simmons",,,,,
57957,"Tom Mac Mahon",,,,,
57971,"Kevin Kalkhoven",,,,,
58426,"Terry Lanni",,,,,
58491,"John Redmond",,,,,
58501,"Dan Wade",,,,,
58521,"Mark Papa",,,,,
58736,"Bill Hornbuckle IV",,,,,
58786,"Charles Hudson",,,,,
58826,"Mark McAndrew",,,,,
58906,"Sanford Ibrahim",,,,,
58927,"Thomas Garrott III",,,,,
58946,"Larry Hutchison",,,,,
59006,"Don Shaffer",,,,,
59037,"William Reed Jr",,,,,
59861,"Frank Wobst",,,,,
59896,"Tim Smucker",,,,,
60132,"Bob Phillips",,,,,
60662,"John Morikis",,,,,
61332,"Joel Staff",,,,,
61357,"John Dooner Jr",,,,,
61502,"Steve Sanghi",,,,,
61662,"Doctor Eric Schmidt",,,,,
61667,"Ganesh Moorthy",,,,,
61672,"Phil Geier Jr",,,,,
61807,"W McCollough",,,,,
61942,"Jon Jaffe",,,,,
62347,"Dave Hager",,,,,
62662,"Peter Rose",,,,,
62667,"Philippe Krakowsky",,,,,
62847,"Dave Fuente",,,,,
62892,"Bill Morean",,,,,
62937,"Tim Main",,,,,
62967,"Dave Haffner",,,,,
62987,"Karl Glassman",,,,,
63742,"Doctor Tom Corcoran",,,,,
64532,"Dave Kolb",,,,,
64702,"Doctor Aart De Geus",,,,,
64712,"Doctor Chi-Foon Chan",,,,,
64747,"Steve Walske",,,,,
65107,"Hugh Aycock",,,,,
65212,"George Sissel",,,,,
65252,"Mark O'Brien",,,,,
65267,"Dave Hoover",,,,,
65437,"Phillip Farmer",,,,,
65777,"Gwyn Morgan",,,,,
66192,"Ron McDougall",,,,,
66657,"Sid Verdoorn",,,,,
66702,"Steven Fass",,,,,
66827,"Ray Barrette",,,,,
66922,"Jim Wiltz",,,,,
67267,"Herb Boydstun",,,,,
67732,"Lynn Nagorske",,,,,
67822,"Clarence Norsworthy III",,,,,
67887,"Rick Beckwitt",,,,,
67922,"Keith Bailey",,,,,
67962,"Lawrence Mosner",,,,,
67977,"Steve Malcolm",,,,,
68027,"Mike Talbert",,,,,
68442,"Wally O'Dell",,,,,
69007,"Al Verrecchia",,,,,
69097,"Doctor Alan Hassenfeld",,,,,
69297,"Dwight Schar",,,,,
69362,"W Lester",,,,,
69692,"The Hon. Bob Kierlin",,,,,
69696,"Bobby Kotick",,,,,
70062,"Jerry Sanders III",,,,,
70147,"Noel Watson",,,,,
70422,"Dan Florness",,,,,
70557,"Dale Hilpert",,,,,
70742,"Ron Eilers",,,,,
70777,"Charles Haggerty",,,,,
70857,"Bob Davies III",,,,,
70887,"Steve Wynn",,,,,
70967,"Nick Conlon",,,,,
71237,"Paul Hanrahan",,,,,
78362,"Stephen Milne",,,,,
78382,"Jan Van Gorder",,,,,
78582,"Jeffrey Ludrof",,,,,
81172,"Bob Dowdell",,,,,
81292,"Pat Mulcahy",,,,,
81332,"Craig Martin",,,,,
81417,"John Roe III",,,,,
81432,"Winslow Buxton",,,,,
81587,"Michael Waddell",,,,,
81627,"Pat Gallagher Jr",,,,,
81732,"Mark Templeton",,,,,
81757,"Bill Watkins",,,,,
81792,"Doug Kahn",,,,,
81817,"Joe Wright Jr",,,,,
82137,"Jim Bidzos",,,,,
82157,"Rick Clemmer",,,,,
82162,"Rob Berkley Jr",,,,,
82207,"Wm Berkley Sr",,,,,
82522,"Rob Sands",,,,,
82667,"Ian Cumming",,,,,
82687,"Tim Schwertfeger",,,,,
83102,"Alan Kirshner",,,,,
83192,"Tom Gayner",,,,,
83282,"R Letbetter",,,,,
83302,"Hugh Durden",,,,,
83337,"Peter Rummell",,,,,
84122,"Ken Meyers",,,,,
84132,"Jack Rooney III",,,,,
84167,"Fred Bauer",,,,,
84391,"Ynon Kreiz",,,,,
84492,"John Whitacre",,,,,
85377,"Stan Bergman",,,,,
85837,"James Shelton",,,,,
86507,"Doctor Patrick Nettles Jr",,,,,
86587,"Gary Smith",,,,,
86647,"Steve Kaufman",,,,,
86982,"Carol Ammon",,,,,
87257,"Mike Morris",,,,,
87412,"Jeff Smisek",,,,,
87502,"Marvin Gralnick",,,,,
88042,"Randy Hogan III",,,,,
88237,"W Kiely III",,,,,
88247,"Fritz Hobbs IV",,,,,
88287,"Jack Van Fossen",,,,,
88307,"William Ligon",,,,,
88312,"Richard Sharp",,,,,
89827,"Garnett Smith",,,,,
89832,"Lawrence Castellani",,,,,
90037,"Robert Bozzone",,,,,
90837,"Donald Southwell",,,,,
90967,"Richard Vie",,,,,
91452,"The Hon. Terry Duffy",,,,,
91572,"Jim McNulty",,,,,
91607,"Charlie Baillie",,,,,
91982,"Dennis Keller",,,,,
91987,"Terry Gregg",,,,,
92062,"Bill Little",,,,,
92352,"Doctor James Kim",,,,,
102722,"Hock Tan",,,,,
102767,"Francis Scricco",,,,,
103317,"Sam Brooks",,,,,
104192,"Bim Black",,,,,
104222,"Larry Brummett",,,,,
105272,"J Harvey",,,,,
105512,"J Parks",,,,,
105887,"Tim Manganello",,,,,
106277,"Mike Jandernoa",,,,,
106603,"Bob Sasser",,,,,
140166,"Pam Reeve",,,,,
140167,"Ray Dolan",,,,,
140535,"L Britt",,,,,
140545,"Richard Bond",,,,,
140562,"Bill Owens",,,,,
140602,"David Kenny",,,,,
140667,"Richard Furlaud",,,,,
140731,"Ron Taylor",,,,,
141002,"Dick Harrison",,,,,
141129,"Gene Isenberg",,,,,
141247,"GermÃƒÂ¡n Larrea Mota-Velasco",,,,,
141251,"Oscar GonzÃƒÂ¡lez Rocha",,,,,
141339,"Jay Schottenstein",,,,,
141642,"James Thompson",,,,,
141669,"Gary Rollins",,,,,
141773,"Frank Hermance",,,,,
141781,"Stephen Snider",,,,,
141918,"Rick George",,,,,
142106,"Ambassador Frank Baxter",,,,,
160071,"Oscar Munoz",,,,,
180054,"Bernard Michel",,,,,
180597,"Ernest Rady",,,,,
180599,"Ryan Brant",,,,,
180642,"Tom Oland",,,,,
180842,"Kelly Sumner",,,,,
180914,"Clark Matthews II",,,,,
180916,"Rich Roedel",,,,,
180961,"Joe Scarlett Jr",,,,,
181076,"David Margolese",,,,,
181188,"David Bloom",,,,,
181282,"Paul Rady",,,,,
181364,"Cliff Illig",,,,,
181450,"Doctor Hassan Ahmed",,,,,
181469,"Manny Perez de la Mesa",,,,,
181726,"Tom Bender",,,,,
182165,"Doctor Ken Wilcox",,,,,
182174,"John Dean Jr",,,,,
182333,"Zia Chishti",,,,,
182338,"Tom Prescott",,,,,
182471,"R Greer",,,,,
182476,"Doctor Ray Withy",,,,,
182514,"C Greer",,,,,
182642,"Bob Corey",,,,,
183114,"Michael Farrell",,,,,
183123,"Wellington Denahan-Norris",,,,,
183176,"Doctor Tom Leighton",,,,,
183266,"Jean-Jacques BienaimÃ©",,,,,
183301,"David Gibbons",,,,,
183351,"Jay Adair",,,,,
183354,"Willis Johnson",,,,,
183605,"Dan DeMatteo",,,,,
183612,"Dick Fontaine",,,,,
183638,"Simon Rossmann",,,,,
183669,"Dick Harrington",,,,,
183728,"Jeff Sagansky",,,,,
183729,"Raz Alon",,,,,
183961,"Rob Friel",,,,,
184069,"Gail Boudreaux",,,,,
184074,"John Koskinen",,,,,
200034,"Floyd Gottwald Jr",,,,,
200064,"Naveen Jain",,,,,
200105,"Steve Steinour",,,,,
200123,"Chad Deaton",,,,,
200409,"Steve Hanson",,,,,
200418,"Keith Jackson",,,,,
200519,"Pat Zenner",,,,,
200642,"Doctor Don Pether",,,,,
200846,"H Nelson",,,,,
200871,"Jeff Hussey",,,,,
200920,"Mike Luetkemeyer",,,,,
201172,"Aloysius Oliver",,,,,
201184,"David Ramaker",,,,,
201392,"Gregory Davies",,,,,
201511,"Bill Ringo Jr",,,,,
201737,"Bob Long",,,,,
201799,"David Campbell",,,,,
201870,"Andy Florance",,,,,
201994,"John Kelly",,,,,
202011,"E Harrison",,,,,
202310,"John Flannery Jr",,,,,
202312,"Mark Begor",,,,,
202340,"Tom McInerney",,,,,
202394,"Doctor George Rathmann",,,,,
202423,"Peter Smith",,,,,
202466,"Roy Whitfield",,,,,
202712,"Alberto Weisser",,,,,
202917,"Ray Seegmiller",,,,,
202918,"Lakshmi Narayanan",,,,,
203073,"Jeff Boyd",,,,,
203140,"Jim Donald",,,,,
203143,"Claude LeBlanc",,,,,
203273,"Jim Heppelmann",,,,,
203397,"Daniel Olvey",,,,,
203417,"Cathie Lesjak",,,,,
203638,"Greg Carmichael",,,,,
203776,"Tom Linebarger",,,,,
203813,"Don Knauss",,,,,
204183,"Dave Burritt",,,,,
204193,"Mike Koehler",,,,,
204293,"JP Bilbrey",,,,,
204362,"Bob Eulau",,,,,
204420,"Jeremy Cooke",,,,,
204425,"Paul Saville",,,,,
204563,"Doctor John Maraganore",,,,,
204688,"David Boyer",,,,,
204705,"Greg Henslee",,,,,
204774,"Jim Loree",,,,,
204995,"Gerry Anderson",,,,,
205055,"David Zapico",,,,,
205153,"David Henshall",,,,,
205361,"Pat Sinks",,,,,
205444,"Jeffrey Keil",,,,,
205600,"John Brinling Jr",,,,,
205608,"Bret Wise",,,,,
205612,"Mike Salvino",,,,,
205640,"Mike Long",,,,,
205961,"Dave King",,,,,
206005,"Jim Judge",,,,,
206006,"Joe Nolan Jr",,,,,
206015,"Jason Gorevic",,,,,
206065,"Richard Adkerson",,,,,
206177,"Tim Dove",,,,,
206220,"Peter Altabef",,,,,
206276,"Eric Wiseman",,,,,
206314,"Jack Brouillard",,,,,
206327,"Mike Coppola",,,,,
206334,"Thomas Cangemi",,,,,
206346,"Larry Young",,,,,
206474,"Bill McDermott",,,,,
206744,"Bill Roper Jr",,,,,
206889,"Erik Nordstrom",,,,,
207117,"Jerry Gramaglia",,,,,
210086,"Jim Craigie",,,,,
220188,"Jim Usdan",,,,,
220505,"Brad Tilden",,,,,
220776,"Chet Helck",,,,,
220788,"Wick Simmons",,,,,
221043,"Matt Clifton",,,,,
221394,"John Brinzo",,,,,
221434,"Pat Daniel",,,,,
221557,"Dub Andras",,,,,
221559,"Doctor Ralph Cunningham Sr",,,,,
221564,"Jim Teague",,,,,
270099,"Greg Armstrong",,,,,
270221,"Ken Joyce",,,,,
270771,"Jim Goodwin",,,,,
270780,"John Hendrickson",,,,,
271049,"Mike Mulica",,,,,
271228,"Al Pichelli",,,,,
271325,"Worthing Jackman",,,,,
271683,"Jide Zeitlin",,,,,
271741,"Graham Smith",,,,,
272180,"Kirill Tatarinov",,,,,
272301,"Tom Freston",,,,,
272632,"David Congdon",,,,,
272830,"R Creamer",,,,,
273149,"James Marcum",,,,,
273416,"Kevin Clark",,,,,
273457,"Doug Parker Jr",,,,,
273520,"J Kirby",,,,,
275120,"Diane Greene",,,,,
275678,"Jeff Ventura",,,,,
275776,"Paul Reilly",,,,,
275794,"Paul Ricci",,,,,
275800,"Mike Tivnan",,,,,
310106,"Eric Meurice",,,,,
310237,"Arif Shakeel",,,,,
310289,"Bob May",,,,,
310412,"Steve Cooper",,,,,
321545,"Lonnie Smith",,,,,
321966,"Rick Keister",,,,,
321968,"Charlie Hogarty",,,,,
323751,"John Grainger",,,,,
324177,"Dick Brewer",,,,,
324756,"Ed Meyercord III",,,,,
325221,"John Yeaman",,,,,
325234,"Louis Waters Jr",,,,,
325238,"H Moore Jr",,,,,
325558,"Larry Page",,,,,
325766,"Steven Voorhees",,,,,
325964,"Steve Milligan",,,,,
326082,"Jim Torgerson",,,,,
326270,"Kieran Gallahue",,,,,
326345,"Randy Eresman",,,,,
326386,"Joel Rosen",,,,,
326390,"Trish Gilligan",,,,,
326503,"Christopher Eccleshare",,,,,
326518,"Bill Jensen",,,,,
326618,"Jerry Masters Jr",,,,,
326662,"Mary Winston",,,,,
326696,"Jake Ulrich",,,,,
326727,"W McCarthy Jr",,,,,
327057,"Doctor Sehat Sutardja",,,,,
327060,"Doctor Ron Black",,,,,
327421,"Lou D'Ambrosio",,,,,
327486,"Liam Griffin",,,,,
327852,"Joe Almeida",,,,,
328121,"Grant Denison Jr",,,,,
328146,"Fredric Price",,,,,
328679,"Lou Drapeau",,,,,
329146,"Phil Gallagher",,,,,
329839,"Godfrey Sullivan",,,,,
330241,"John Cleghorn",,,,,
330576,"Tony Comper",,,,,
330699,"Doctor John Weaver",,,,,
330708,"Tye Burt",,,,,
330727,"Mike Sabia",,,,,
330730,"John Sheridan",,,,,
330808,"Pierre Blouin",,,,,
330835,"Eugene Melnyk",,,,,
330898,"Jerry Grandey",,,,,
330978,"Bruce Brydon",,,,,
330993,"Rob Ritchie",,,,,
331012,"Fred Green",,,,,
331079,"John Hunkin",,,,,
331091,"David Kassie",,,,,
331094,"Jim Foote",,,,,
331095,"Gerry McCaughey",,,,,
331101,"Nancy Southern",,,,,
331199,"Hal Kvisle",,,,,
331331,"Bill Downe",,,,,
331723,"Keith Meister",,,,,
331732,"Albo Antenucci Jr",,,,,
332204,"Tom Jorden",,,,,
332327,"Dave Brennan",,,,,
332609,"Brad Childers",,,,,
332689,"Jack Prim",,,,,
332770,"Jerry Baker",,,,,
332806,"Jim Hughes",,,,,
333126,"Brian Ferguson",,,,,
333229,"Bill Austen",,,,,
333291,"Keith McLoughlin",,,,,
333605,"Al de Molina",,,,,
333721,"J Doyle",,,,,
333755,"Jim Whitehurst",,,,,
333782,"Bill Spence",,,,,
333894,"Ed Bastian",,,,,
333969,"Dan Houston",,,,,
333999,"Dave Wichmann",,,,,
334108,"Britt Greene",,,,,
334134,"Tom Quinlan III",,,,,
334487,"Tom Rutledge",,,,,
334732,"John Willson",,,,,
334782,"Jim Excell",,,,,
334859,"Doctor Charles Roadman II",,,,,
334890,"Doctor Fred Sorkin",,,,,
334926,"Alan Litwin",,,,,
335100,"G Anthony",,,,,
335114,"Brian MacNeill",,,,,
335187,"John Mayberry",,,,,
335188,"Russ Girling",,,,,
335189,"Alex Pourbaix",,,,,
335228,"Doctor Mike Lazaridis",,,,,
335239,"Jim Balsillie",,,,,
335262,"Bill Wells",,,,,
335278,"Gord Nixon",,,,,
335293,"Murray Mullen",,,,,
335297,"Alan Torrie",,,,,
335348,"Brian Canfield",,,,,
335626,"Robert Welty",,,,,
335747,"J Clayton",,,,,
335816,"Steve Williams",,,,,
336053,"Doctor David Lederman",,,,,
336089,"Chuck Rubin",,,,,
336620,"Matthew Farrell",,,,,
336808,"Darren Entwistle",,,,,
336841,"George Cope",,,,,
336845,"Joe Natale",,,,,
336982,"Don Stewart",,,,,
336999,"Don Lindsay",,,,,
337424,"Paul Gudonis",,,,,
337499,"Doctor Ed Clark",,,,,
339226,"C GonÃƒÂ§alves",,,,,
339339,"Doug Merritt",,,,,
339546,"Doctor Mike Bristow",,,,,
340641,"Rick McKenney",,,,,
340992,"Doctor Ted Love",,,,,
341230,"William Brown",,,,,
342589,"Charif Souki",,,,,
342708,"Mark Schwabero",,,,,
343128,"Sean Boyd",,,,,
343163,"Mike Wirth",,,,,
343228,"Russell Jones",,,,,
343710,"Hilton Schlosberg",,,,,
343730,"Christine Day",,,,,
344048,"Rick Waugh",,,,,
344115,"Doctor Doug Squires",,,,,
344746,"Don Fusilli Jr",,,,,
344866,"Fitzy FitzGerald",,,,,
344990,"Greg Becker",,,,,
345189,"John Hick",,,,,
345791,"Vince Sadusky",,,,,
345884,"Gary Chapman",,,,,
346470,"Jack Cumming",,,,,
346482,"Rob Cascella",,,,,
346517,"Kevin Sayer",,,,,
346705,"BT Coleman",,,,,
346826,"Craig Muhlhauser",,,,,
347211,"Doctor Clay Siegall",,,,,
347631,"Steve Delaney",,,,,
347638,"Eugene Polistuk",,,,,
347639,"Doctor H Fell",,,,,
348132,"Jane Hollingsworth",,,,,
348796,"Clayton Woitas",,,,,
350019,"Greg Case",,,,,
370427,"Ken MacKenzie",,,,,
371164,"Peter Aldred",,,,,
371367,"Dominic D'Alessandro",,,,,
371383,"Don Guloien",,,,,
371608,"Malcolm Cox",,,,,
371631,"J Goertzen",,,,,
371870,"Randy MacEwen",,,,,
372117,"Mike Azancot",,,,,
372135,"Bob Michaleski",,,,,
372228,"Peter Tomsett",,,,,
372391,"Leon Navickas",,,,,
372492,"Jim Lico",,,,,
372752,"Dan Springer",,,,,
373059,"Jason Ackerman",,,,,
373083,"Alberto Lavandeira AdÃƒÂ¡n",,,,,
373091,"Chris von Christierson",,,,,
373289,"Sheldon Adelson",,,,,
373525,"Rob Goldstein",,,,,
374874,"Paul Wright",,,,,
375071,"Harold Hamm",,,,,
375121,"Mike Creel",,,,,
375211,"Randy Fowler",,,,,
376149,"Michael Klein",,,,,
376225,"Joseph Podolski",,,,,
377600,"J French",,,,,
377627,"Hank Newell",,,,,
377687,"Peter Dougherty",,,,,
378008,"Stan Lapidus",,,,,
440098,"Don Hardison",,,,,
440367,"Jeff Luber",,,,,
441366,"Val Christensen",,,,,
441449,"Bharat Masrani",,,,,
441691,"Gary Burrell",,,,,
441692,"Doctor Min Kao",,,,,
441710,"Cliff Pemble",,,,,
441981,"Peter Barnes",,,,,
441989,"Eduardo Luna",,,,,
442468,"Keith Creel",,,,,
442997,"Tim Hearn",,,,,
443553,"Robert Friedland",,,,,
443565,"John Macken",,,,,
444048,"Gordon Bogden",,,,,
444123,"Jim Continenza",,,,,
445172,"Bob Buchan",,,,,
445179,"Ron Stewart",,,,,
446412,"Peter Horvath",,,,,
446848,"William White",,,,,
447285,"Arthur Becker",,,,,
447312,"Greg Creed",,,,,
447451,"David Hatfield",,,,,
447647,"Ravi Saligram",,,,,
449609,"Aaron Regent",,,,,
449903,"Doctor Bill Coyro Jr",,,,,
450561,"Richard Shaw",,,,,
450657,"Bradley Mallory",,,,,
451403,"Fritz Corrigan",,,,,
451525,"Tim Timmins",,,,,
451534,"Gary Henry",,,,,
452181,"Greg Sandfort",,,,,
452406,"Gary Philbin",,,,,
452535,"Michael O'Sullivan",,,,,
452550,"Rich Chernicoff",,,,,
452655,"Jeff Musser",,,,,
452866,"Chris Leahy",,,,,
452889,"Doctor AndrÃ©s Gluski Weilert",,,,,
453077,"Doctor Tom Caulfield",,,,,
453851,"Noel White",,,,,
454544,"Hans Vestberg",,,,,
454640,"Greg Blatt",,,,,
455056,"Miguel da Mata Patricio",,,,,
455061,"Steve Cahillane",,,,,
455385,"Steve Squeri",,,,,
456223,"Michael Clarke",,,,,
457277,"Victor Dodig",,,,,
457321,"Ron Rittenmeyer",,,,,
457517,"Tim Gokey",,,,,
480262,"Professor Doctor Steven Quay",,,,,
480557,"Steve Kean",,,,,
480780,"Rich Tobin",,,,,
481082,"Steve Lesnik",,,,,
481563,"Dick Costolo",,,,,
481697,"Lawrence Kurzius",,,,,
482047,"Andy Mattes",,,,,
482389,"Nick DeMare",,,,,
482778,"Neal Shear",,,,,
483465,"Sir Andrew Witty",,,,,
483505,"Adena Friedman",,,,,
484096,"Jonas Prising",,,,,
484115,"Craig Dahl",,,,,
484476,"RenÃƒÂ© Jones",,,,,
484750,"Doctor Rich Nottenburg",,,,,
484778,"Peter Kern",,,,,
484812,"Ginni Rometty",,,,,
484858,"Olivier Le Peuch",,,,,
485041,"Bill Ruckelshaus",,,,,
485054,"Bob Livingston",,,,,
485157,"David Provost",,,,,
485168,"Ajay Banga",,,,,
485170,"Michele Buck",,,,,
485294,"Jay Hooley III",,,,,
485451,"Todd Gibbons",,,,,
485470,"Dennis Arriola",,,,,
485569,"Mike Hennigan",,,,,
485800,"Rob Davis",,,,,
485987,"Doctor Marc Bitzer",,,,,
486017,"Dino Robusto",,,,,
486024,"David Cordani",,,,,
486026,"Karen Lynch",,,,,
486181,"Art Peck",,,,,
486279,"Joe Gorder",,,,,
486395,"Doctor Pat Gelsinger",,,,,
486476,"Walt Bettinger II",,,,,
486687,"Lloyd Yates",,,,,
486795,"Al Monaco",,,,,
486807,"Jim Gallogly",,,,,
487039,"Joseph Zubretsky",,,,,
487151,"Jim Chambers",,,,,
487157,"Barbara Rentler",,,,,
487342,"Tim Archer",,,,,
487355,"Kelcy Warren",,,,,
487387,"Mackie McCrea III",,,,,
487624,"Mancil Sanders",,,,,
487710,"Todd Vasos",,,,,
488345,"John Turner Jr",,,,,
488858,"Matt Maddox",,,,,
488891,"Eric Feldstein",,,,,
488928,"Mark Widmar",,,,,
489026,"Carl Liebert III",,,,,
489031,"Julian Raines",,,,,
489189,"Steve Ells",,,,,
489398,"Monty Moran",,,,,
489833,"Marvin Ellison",,,,,
490002,"Kay Priestly",,,,,
490177,"Tom Kingsbury",,,,,
490435,"Ted Sarandos Jr",,,,,
491125,"Carlos Hernandez",,,,,
491611,"Pat Kampling",,,,,
491740,"Richie Whitt III",,,,,
491878,"Ed Coleman",,,,,
492401,"Laurie Bebo",,,,,
492810,"Tony Makuch",,,,,
493767,"William Johnson",,,,,
494496,"Mark Thierer",,,,,
494862,"Marc Miller",,,,,
495377,"Willem De Geer",,,,,
495421,"Adam Schechter",,,,,
496482,"Doctor Larry Dillaha",,,,,
496788,"Richard Norwitt",,,,,
497950,"John Roberts III",,,,,
499383,"Satya Nadella",,,,,
499843,"Mike Pearson",,,,,
500122,"Colonel Walt Havenstein",,,,,
500231,"Greg Heckman",,,,,
500995,"Jeff Martin",,,,,
501364,"Ron Delia",,,,,
501549,"Mike Mikan III",,,,,
502142,"Tom Williams",,,,,
502503,"Greg Renwick",,,,,
502538,"Leon F Gosselin",,,,,
502553,"Doctor Frank Verwiel",,,,,
503110,"Doctor Firoz Rasul",,,,,
503115,"Dennis Campbell",,,,,
503338,"Charles Horn",,,,,
505678,"Oliver Ratzesberger",,,,,
506367,"David Rowland",,,,,
507201,"Jim Hensel",,,,,
507530,"Stephane Bancel",,,,,
508962,"Larry De Shon",,,,,
509859,"Doctor Brian Tyler",,,,,
511150,"David Auld",,,,,
512642,"Nick Howley",,,,,
513374,"Greg Ebel",,,,,
513708,"Kevin Conroy",,,,,
514599,"Mark Tarr",,,,,
514830,"Gerald Evans Jr",,,,,
514971,"Bill Andrew",,,,,
514974,"Murray Nunns",,,,,
514987,"Doctor Mark Cruise",,,,,
515021,"Brian Porter",,,,,
515173,"Don Wellendorf",,,,,
515769,"John Stauch",,,,,
515842,"Brian Humphries",,,,,
516421,"Ted Doheny II",,,,,
516521,"Gary Norcross",,,,,
516861,"Robin Li",,,,,
517103,"Patrick Haynes III",,,,,
517107,"Roland Bopp",,,,,
517109,"Norm Phipps",,,,,
517117,"Randy Brouckman",,,,,
517123,"Greg Carter",,,,,
517224,"Bill Fallon",,,,,
517277,"Mike Kaufmann",,,,,
517326,"Al White III",,,,,
530374,"Joe Grosso",,,,,
530493,"Chet Idziszek",,,,,
530849,"Craig Nelsen",,,,,
530989,"Mitch Butier",,,,,
531264,"Ray Betler",,,,,
531362,"Steve VanRoekel",,,,,
531419,"Bob Gallaway",,,,,
531522,"Bob Chisholm",,,,,
531796,"Mike Muzylowski",,,,,
532409,"David Constable",,,,,
533102,"Neill Currie",,,,,
533454,"Dave Roberts Jr",,,,,
533754,"Doctor Shaygan Kheradpir",,,,,
533891,"Alan Schnitzer",,,,,
534106,"Jim Squires",,,,,
534187,"Tony Will",,,,,
534201,"Ernest Santi",,,,,
534436,"Jerry Norcia",,,,,
534761,"Bill Thomas",,,,,
534783,"Hank Kucheman",,,,,
534948,"Don Thompson",,,,,
534961,"John Clendening",,,,,
535064,"John Christmann IV",,,,,
535083,"Matt Levatich",,,,,
535617,"Bob Jordan",,,,,
535956,"Mark Rosenthal",,,,,
536199,"Mike Hayford",,,,,
536220,"Scott Dodson",,,,,
536623,"Manny Rivelo",,,,,
536628,"Chuck Robbins",,,,,
536839,"Doctor Jeff Jacobson",,,,,
536969,"M Hardwick",,,,,
537143,"Dan Florin",,,,,
540575,"Ernie Herrman",,,,,
540860,"Tim Gitzel",,,,,
540963,"Paul Wilson",,,,,
541851,"Nikesh Arora",,,,,
542015,"Jay Chaudhry",,,,,
542274,"Amar Hanspal",,,,,
543924,"Dave Lougee",,,,,
543938,"David Hutchens",,,,,
544223,"Dean Connor",,,,,
545218,"Chris O'Connell",,,,,
545366,"Willie Chiang",,,,,
545843,"Terrence Curtin",,,,,
545851,"Doctor Ajei Gopal",,,,,
545856,"Margo Georgiadis",,,,,
546457,"Doctor M Khatibzadeh",,,,,
546625,"Nader Tavakoli",,,,,
547579,"Doctor Dave Mosley",,,,,
547628,"Paul Donahue",,,,,
547732,"Frank Grillo",,,,,
548131,"Andreas Fibig",,,,,
548238,"Yves Brouillette",,,,,
548682,"Mark Smucker",,,,,
549005,"George Kurtz",,,,,
549036,"Jay Forbes",,,,,
549248,"Glenn Fogel",,,,,
549254,"Jon Moeller",,,,,
549272,"David Taylor",,,,,
549620,"Leonard Mallett",,,,,
549793,"Joc O'Rourke",,,,,
550037,"Doctor Anirudh Devgan",,,,,
550759,"Mike Mears",,,,,
551218,"Bryan Perez",,,,,
551643,"Rick Muncrief",,,,,
551815,"Brian Sondey",,,,,
552734,"Charles Reimer",,,,,
554044,"Jim Farley Jr",,,,,
554070,"Mike Zahra",,,,,
554191,"Manolo ZÃƒÂºÃƒÂ±iga-PflÃƒÂ¼cker",,,,,
555156,"Gordon Kerr",,,,,
555180,"Ian Dundas",,,,,
555739,"Tom Long",,,,,
556797,"Geisha Williams",,,,,
556870,"Sasan Goodarzi",,,,,
557253,"Paul Colborne",,,,,
557254,"Jim Bertram",,,,,
590109,"Fabrizio Freda",,,,,
590138,"Dave McKay",,,,,
590171,"Leland Hein Jr",,,,,
590656,"Don Casey Jr",,,,,
590802,"W Carlson",,,,,
591081,"Peter Brown",,,,,
591105,"Paul Reynolds",,,,,
592531,"Robert Hanson",,,,,
594389,"Bruce March",,,,,
595054,"Bill Sheriff",,,,,
595943,"Donnie King",,,,,
597046,"Donnie Smith",,,,,
597201,"Richard Nesbitt",,,,,
597285,"George Damiris",,,,,
597434,"Shelley Broader",,,,,
598030,"Ron Hochstein",,,,,
598186,"Michelle Gass",,,,,
598675,"Mauricio Gutierrez",,,,,
598782,"Mike McMullen",,,,,
598783,"Ron Nersesian",,,,,
599074,"Raghu Raghuram",,,,,
599951,"David Lockwood",,,,,
601275,"Francois Locoh-Donou",,,,,
601288,"Gary Cotshott",,,,,
603212,"Jim Stanard",,,,,
603301,"Jeff Brown",,,,,
603421,"Peter Zaffino",,,,,
603603,"Lance Fritz",,,,,
603672,"Rich Kruger",,,,,
603844,"Steve Schlotterbeck",,,,,
604912,"Jane Fraser",,,,,
604942,"Doug Peterson",,,,,
606259,"Hugh Ross",,,,,
607415,"Enrique Lores",,,,,
607786,"Tim NeCastro",,,,,
607801,"Eric Lefkofsky",,,,,
607902,"Dev Ittycheria",,,,,
607926,"Glenn Votek",,,,,
608053,"Ajit Manocha",,,,,
620239,"Jack Roche",,,,,
621112,"Ron Lang",,,,,
621249,"Bob Blue",,,,,
621318,"Chuck Jones Jr",,,,,
621976,"Ralph Rossouw",,,,,
622423,"Walter Lynch",,,,,
622541,"Bruce McClelland",,,,,
623177,"Dan Knotts",,,,,
623530,"Dave Richardson",,,,,
623967,"Lyn Kirby",,,,,
624113,"Michael McGarry",,,,,
624431,"John Dillon",,,,,
624717,"Claude Dussault",,,,,
624902,"Karen Sheriff",,,,,
625215,"Marty Barrington",,,,,
625221,"Howard Willard III",,,,,
628081,"Matt Flannery",,,,,
640369,"Doctor Dirk van de Put",,,,,
640531,"Steve Mollenkopf",,,,,
640769,"The Hon. Bill Morneau Jr",,,,,
640848,"Tim Dool",,,,,
640862,"Greg Wight",,,,,
640865,"Peter Cresswell",,,,,
641036,"Ron Southern",,,,,
641042,"Siegfried Kiefer",,,,,
641184,"Lorenzo Simonelli",,,,,
641282,"Joey Levin",,,,,
641444,"Terry Cavanaugh",,,,,
642634,"George Burns",,,,,
642860,"Pieter Britz",,,,,
643509,"Mario Longhi",,,,,
644059,"Bob Sartor",,,,,
645236,"Jeff Swinoga",,,,,
645352,"Stan Marshall",,,,,
646099,"Charles Brindamour",,,,,
646662,"Lisa Wardell",,,,,
646764,"Bill Fraser",,,,,
647025,"Francis DeSouza",,,,,
647302,"Steve Kelley",,,,,
647591,"Lino Saputo",,,,,
647592,"Lino Saputo Jr",,,,,
650660,"Uwe Roehrhoff",,,,,
652335,"Mark Selby",,,,,
653438,"John Wright",,,,,
653443,"Corey Ruttan",,,,,
653581,"Tony Capuano Jr",,,,,
654371,"Doctor M Trottier",,,,,
655130,"Javier Rodriguez",,,,,
655507,"Fiore Aliperti",,,,,
655850,"Juan Andrade",,,,,
656871,"Dev Randhawa",,,,,
657842,"Doctor Yvonne Greenstreet",,,,,
730057,"Jeff Storey",,,,,
730058,"Jim Peck",,,,,
730317,"Victor Cantore",,,,,
730495,"Randy Smallwood",,,,,
730497,"Nolan Watson",,,,,
730573,"Luc Bertrand",,,,,
730649,"Tom Kloet",,,,,
730768,"Francois Poirier",,,,,
730965,"Mark Eaton",,,,,
731025,"Sheldon Inwentash",,,,,
731030,"Frank Lang",,,,,
731236,"Steve VanSickle",,,,,
731258,"Gerald Sheff",,,,,
731267,"Ulli Rath",,,,,
731277,"Jeremy Freedman",,,,,
731460,"Jeff Moody",,,,,
731484,"Richard Buzbuzian",,,,,
731940,"Ralph Shearing",,,,,
732273,"Michael O'Connor",,,,,
732366,"Dick Whittington",,,,,
732483,"Doctor Quinton Hennigh",,,,,
732491,"Robert Bick",,,,,
732663,"Peter Federico",,,,,
732790,"Ewan Downie",,,,,
733660,"Daryl English",,,,,
734299,"Carl Hansen",,,,,
734511,"Darren Pylot",,,,,
734584,"Stewart Gibson",,,,,
734595,"Terry King",,,,,
734601,"John Rapach",,,,,
734609,"Brian Maher",,,,,
734625,"Patrick Evans",,,,,
734641,"Alex Black",,,,,
734784,"Richard Warke",,,,,
734851,"Peter Gundy",,,,,
734858,"Constantine Karayannopoulos",,,,,
735008,"Steve Finch",,,,,
735014,"Mike Heier",,,,,
735021,"Lyle Whitmarsh",,,,,
735026,"Brent Conway",,,,,
735080,"Risto Laamanen",,,,,
735129,"George Bee",,,,,
735131,"Tim Warman",,,,,
735159,"Romolo Magarelli",,,,,
735254,"Bob Meers",,,,,
742333,"Curtis Farmer",,,,,
742384,"Gary Kain",,,,,
745229,"Mark Benjamin",,,,,
752728,"William Cox",,,,,
755922,"Richard Patricio",,,,,
760564,"Jim Phillips",,,,,
761075,"Greg Fedun",,,,,
761557,"Matt Murphy",,,,,
764356,"Karl Kottmeier",,,,,
764427,"The Hon. David Miller",,,,,
764510,"Marc Cernovitch",,,,,
764562,"Linda Smith",,,,,
764570,"Darcy Krell",,,,,
765053,"Jayshree Ullal",,,,,
765386,"Josh Silverman",,,,,
772458,"Philip Sherringham",,,,,
773266,"Bill Way",,,,,
777885,"Dave Regnery",,,,,
790374,"Jagdeep Singh",,,,,
790420,"Peter Tagliamonte",,,,,
790575,"William Ding",,,,,
791001,"Pedro Pizarro",,,,,
791174,"Tom Kennedy",,,,,
795984,"David Solomon",,,,,
796522,"Laurence Hunn",,,,,
796847,"Marcos GalperÃ­n",,,,,
801896,"Ben Minicucci",,,,,
806078,"Jim Snee",,,,,
807018,"Hartmut Liebel",,,,,
830059,"Rajiv De Silva",,,,,
831805,"Steve Rendle",,,,,
833877,"John McKenzie",,,,,
835884,"R Coker",,,,,
835887,"Rob Tiede",,,,,
836736,"David Foss",,,,,
837171,"Tim Mattke",,,,,
837272,"Aris Kekedjian",,,,,
841525,"Ward Nye",,,,,
842949,"Doctor Ken Cai",,,,,
843302,"Frank Slootman",,,,,
853893,"Alan Colberg",,,,,
857412,"Doctor Giovanni Caforio",,,,,
873256,"Gary Goldberg",,,,,
877797,"James Quincey",,,,,
879247,"Joaquin Duato",,,,,
880206,"Chris Cartwright",,,,,
880948,"Galen Weston Jr",,,,,
881227,"Roger Krone",,,,,
881229,"Dennis Muilenburg",,,,,
881352,"Bill Smith",,,,,
881638,"Donald Macpherson",,,,,
882250,"Sanjiv Lamba",,,,,
882670,"Jacek Olczak",,,,,
882689,"R Borcherding",,,,,
883685,"Craig Billings",,,,,
884348,"Patrice Louvet",,,,,
884426,"Andres Lopez",,,,,
884812,"Kartik Ramachandran",,,,,
885203,"Kevin Fletcher",,,,,
885394,"Rob Fauber",,,,,
885991,"Charlie Lowrey Jr",,,,,
886706,"Tom BenÃƒÂ©",,,,,
887679,"Sundar Pichai",,,,,
887702,"Lori Ryerkerk",,,,,
888002,"Gary Halverson",,,,,
888670,"Mark Little",,,,,
889544,"Jeff Gennette",,,,,
889546,"J Rollinson",,,,,
889855,"Ben Fink",,,,,
890753,"Juan Luciano",,,,,
890775,"Jim Fitterling",,,,,
890948,"Mike Hsu",,,,,
890968,"Chris Gorman",,,,,
891538,"Brett Hart",,,,,
891832,"Jeff Guldner",,,,,
892349,"Mary Barra",,,,,
893105,"Billy Gifford Jr",,,,,
894119,"Ted Decker",,,,,
894150,"George Rountree",,,,,
894295,"Steve Easterbrook",,,,,
895186,"Mark Okerstrom",,,,,
895197,"Steve Kaufer",,,,,
895408,"Doctor Kevin Stein",,,,,
896196,"Stefan Larsson",,,,,
896206,"Greg Gantt",,,,,
896820,"John Larsen",,,,,
986691,"Mark Thompson",,,,,
988199,"Jeff Harmening",,,,,
988324,"Christophe Beck",,,,,
988921,"Bob Gamgort Jr",,,,,
1010281,"Tom Pike",,,,,
1010737,"Jim Collins Jr",,,,,
1011736,"Bill Nash",,,,,
1013356,"Tom Greco",,,,,
1015445,"Mark Walchirk",,,,,
1015485,"Daniel O'Day",,,,,
1016835,"Mayo Schmidt",,,,,
1017478,"Steve Thibeault",,,,,
1037816,"Keith Carrigan",,,,,
1037824,"Joe Quarin",,,,,
1042437,"Tim Sloan",,,,,
1046778,"Bruno Wall",,,,,
1047333,"Aaron Jagdfeld",,,,,
1048341,"Bonnie Brooks",,,,,
1048555,"Don Sinclair",,,,,
1048577,"Alf Hills",,,,,
1048940,"Craig Smiddy",,,,,
1049589,"Marcel de Groot",,,,,
1049829,"Shane Kim",,,,,
1050436,"Mario Caron",,,,,
1054244,"Soren Schroder",,,,,
1056623,"Larry Swets Jr",,,,,
1056736,"Johnathan More",,,,,
1058730,"Fran Horowitz-Bonadies",,,,,
1058760,"Ron Clarke",,,,,
1059890,"Arkadiy Dobkin",,,,,
1060432,"Strath Goodship",,,,,
1060498,"Stephen Liptrap",,,,,
1061325,"J Gardhouse",,,,,
1061537,"Marz Kord-Gharachorloo",,,,,
1068211,"Doctor Philip du Toit",,,,,
1068227,"Greg Clark",,,,,
1068880,"Dave Ricks",,,,,
1070069,"David Trick",,,,,
1070112,"Mike Mauler",,,,,
1070838,"John May",,,,,
1071350,"Julie Sweet",,,,,
1072987,"Greg Smith",,,,,
1073631,"Chris Swift",,,,,
1074205,"Kristin Peck",,,,,
1074552,"Brad Gerstner",,,,,
1074910,"John McAvoy",,,,,
1075502,"Doctor David Feinberg",,,,,
1075570,"Juan Alaix",,,,,
1075627,"Peter Mordaunt",,,,,
1076120,"Vince Sorgi",,,,,
1076189,"Noel Wallace",,,,,
1077591,"Mark Tritton",,,,,
1077856,"Marc Lautenbach",,,,,
1078171,"Paulino do Rego Barros Jr",,,,,
1079119,"Jim Umpleby III",,,,,
1079366,"Jamie Iannone",,,,,
1079683,"Chuck Magro",,,,,
1079817,"Ira Robbins",,,,,
1079840,"Dave MacDonald",,,,,
1080000,"Ken Brunk",,,,,
1080465,"Calvin McDonald",,,,,
1081775,"Bob Wetherbee",,,,,
1083966,"Rob McNally",,,,,
1084894,"Rob Mionis",,,,,
1084911,"Mike Roffler",,,,,
1085522,"Ammar Al-Joundi",,,,,
1087552,"Stephen Beard",,,,,
1088704,"Kevin Keyes",,,,,
1089168,"Brian Crutcher",,,,,
1089975,"Greg Garland",,,,,
1090701,"Elon Musk",,,,,
1090721,"Peter Rawlinson",,,,,
1092110,"Bob Patel",,,,,
1093467,"Pablo Legorreta",,,,,
1094129,"Patti Poppe",,,,,
1096288,"Vincent Pilette",,,,,
1096978,"Kurt Sievers",,,,,
1097276,"Paul Matysek",,,,,
1108120,"Mark Montemurro",,,,,
1108705,"Blake Moret",,,,,
1108720,"Garnet Dawson",,,,,
1110512,"Ritch Allison Jr",,,,,
1111132,"Margaret Keane",,,,,
1111200,"Steve Lockwood",,,,,
1111342,"Park Brady",,,,,
1111357,"Jeffrey Mandel",,,,,
1111389,"Ed McNally",,,,,
1111414,"Cameron Groome",,,,,
1113025,"Lawson Whiting",,,,,
1113817,"John Kemper",,,,,
1114273,"Scott Prochazka",,,,,
1114625,"Les Emery",,,,,
1115142,"Mitch Barns",,,,,
1115153,"Steve Hasker",,,,,
1115309,"Liam Kelly",,,,,
1117160,"Lou Eccleston",,,,,
1117858,"Steve Mintz",,,,,
1117881,"John Visentin",,,,,
1118810,"Cheryl Miller",,,,,
1119001,"David Brickman",,,,,
1119364,"Jim Fish Jr",,,,,
1119373,"Paul Brink",,,,,
1119554,"Bryan Hanson",,,,,
1119677,"Dave Kimbell",,,,,
1120225,"Ulf Quellmann",,,,,
1121111,"David Danziger",,,,,
1122227,"Mark Clouse",,,,,
1122917,"Mike O'Grady",,,,,
1123232,"Charlie Alutto",,,,,
1123517,"Thorsten Heins",,,,,
1124539,"Daniel Schwartz",,,,,
1124769,"Garrick Rochow",,,,,
1125128,"Arvind Krishna",,,,,
1125264,"Andrew Mason",,,,,
1127469,"Hal Lawton III",,,,,
1127794,"Melisa Miller",,,,,
1130665,"Bill Newlands Jr",,,,,
1130691,"Barb Feit",,,,,
1131095,"Dan Daviau",,,,,
1131982,"Geoff Martha",,,,,
1132747,"Max Porterfield",,,,,
1132809,"Jack Dorsey",,,,,
1134072,"Luca Savi",,,,,
1134582,"Chuck Kummeth",,,,,
1135012,"Spencer Rascoff",,,,,
1135354,"Gerry Smith",,,,,
1135450,"Keith Allman",,,,,
1135745,"Michel Khalaf",,,,,
1144653,"Mike Manley",,,,,
1144998,"Bob Chapek",,,,,
1189750,"Darryl White",,,,,
1191626,"Kevin Strain",,,,,
1192124,"Antonio Neri",,,,,
1193176,"Walt Howard",,,,,
1194087,"Frank Barker",,,,,
1194094,"Joey St-Aubin",,,,,
1194201,"Andy Hendricks Jr",,,,,
1194374,"Mike Burandt",,,,,
1194448,"Chris Chapman",,,,,
1194462,"Eric Green",,,,,
1195691,"Frederic Lissalde",,,,,
1195793,"Mirko Bibic",,,,,
1196916,"Jeff Jones II",,,,,
1197628,"Adam Symson",,,,,
1197971,"Badri Kothandaraman",,,,,
1198091,"Scott Lauber",,,,,
1199197,"Doug Suttles",,,,,
1199227,"Ed Keller",,,,,
1200306,"Max Levchin",,,,,
1201387,"Jos Cil",,,,,
1202069,"Rich Stoddart",,,,,
1202458,"Scott Saxberg",,,,,
1202489,"Paul Nahi",,,,,
1203207,"Andrew Anagnost",,,,,
1203686,"George Sherman Jr",,,,,
1204618,"Doctor Deborah Rathjen",,,,,
1205038,"Bill Stedman",,,,,
1205277,"Curtis Setoguchi",,,,,
1205682,"Darius Adamczyk",,,,,
1207303,"Gerrard Schmid",,,,,
1207655,"Jorge Gonzalez",,,,,
1248679,"Trent Yanko",,,,,
1248718,"Mick Dilger",,,,,
1248729,"J Burrows",,,,,
1248755,"Bob Espey",,,,,
1248986,"Mike Chorlton",,,,,
1249099,"HervÃƒÂ© Hoppenot",,,,,
1250772,"Tim O'Shaughnessy",,,,,
1251229,"Todd McKinnon",,,,,
1253894,"Darren Woods",,,,,
1254756,"Jonathan Mazelsky",,,,,
1255005,"Richard Liu",,,,,
1255302,"Kathy Warden",,,,,
1258971,"Jeff Tygesen",,,,,
1259899,"Guillermo Novo",,,,,
1261716,"J Deneke",,,,,
1262728,"Justin Bird",,,,,
1263126,"Andrew Meslow",,,,,
1264832,"Rob Humphryson",,,,,
1265113,"Alar Soever",,,,,
1268100,"Tom Hayes",,,,,
1269010,"Jeff Miller",,,,,
1269387,"Hassane El-Khoury",,,,,
1269801,"Jason Liberty",,,,,
1271049,"Keith Cozza",,,,,
1271910,"Chris Cosgrove",,,,,
1272794,"Steve Newby",,,,,
1275216,"Rami Rahim",,,,,
1275602,"Adam Foroughi",,,,,
1277021,"Travis Stice",,,,,
1278651,"Peter Reed",,,,,
1281219,"Tami Erwin",,,,,
1283835,"Feisal Somji",,,,,
1284093,"Cristiano Amon",,,,,
1287749,"Michele Scannavini",,,,,
1296186,"Sachin Shah",,,,,
1300902,"David Sewell",,,,,
1301860,"Cindy Miller",,,,,
1302177,"Gene Lowe III",,,,,
1304182,"Robert Rowe",,,,,
1304382,"Vicki Hollub",,,,,
1304732,"Ramon Laguarta",,,,,
1305371,"Jim Davis",,,,,
1305801,"Jon Vander Ark",,,,,
1306959,"David Cates",,,,,
1308442,"Ryan Marshall",,,,,
1310783,"Mike Roman",,,,,
1311122,"Steve Downing",,,,,
1311219,"Steve Bratspies",,,,,
1314949,"Todd Schneider",,,,,
1315176,"Boris Teksler",,,,,
1315443,"Dion Weisler",,,,,
1318511,"Rich Williams",,,,,
1318835,"Mark Saxon",,,,,
1319422,"Ken Lane",,,,,
1320087,"Barry McCarthy",,,,,
1321294,"Meredith Kopit Levien",,,,,
1321927,"Jim Bullock",,,,,
1331412,"Jeff Frandsen",,,,,
1332502,"David Stetson",,,,,
1334606,"Charles Parker Jr",,,,,
1335925,"Dave Gitlin",,,,,
1337045,"Andy Harmening",,,,,
1337127,"Brian Chesky",,,,,
1337134,"Ben Silbermann",,,,,
1337167,"Niraj Shah",,,,,
1337256,"Tim Cawley",,,,,
1337288,"Andy Wiswell",,,,,
1338316,"Frank Clyburn Jr",,,,,
1339696,"Vlad Shmunis",,,,,
1347797,"Peter Gassner",,,,,
1349878,"Chad Dickerson",,,,,
1351667,"Pete Arvan",,,,,
1353950,"Fred Tejada",,,,,
1357096,"Laurent Potdevin",,,,,
1360953,"Steve Strah",,,,,
1361005,"Doctor Albert Bourla",,,,,
1361046,"Tom Polen",,,,,
1361303,"Louis De Jong",,,,,
1364829,"David Gibbs",,,,,
1365046,"Octavio Marquez",,,,,
1365071,"Tim Hingtgen",,,,,
1365227,"Paul Allard",,,,,
1365884,"Giel Rutten",,,,,
1366445,"Chano Fernandez",,,,,
1367320,"Andrew Jones",,,,,
1368842,"Frank Callaghan",,,,,
1368845,"David Sidoo",,,,,
1369107,"Rod Little",,,,,
1369739,"Alix Box",,,,,
1370253,"D Shafer",,,,,
1371077,"John Williamson",,,,,
1372532,"Brad Fedora",,,,,
1372866,"Toby Rice",,,,,
1374341,"Charles Bachtell",,,,,
1376568,"Stephen Shefsky",,,,,
1376593,"Stephen Loukas",,,,,
1376687,"Gary Economo",,,,,
1378869,"Tom Palmer",,,,,
1379549,"Mike McInnis",,,,,
1380517,"Brian Halligan",,,,,
1381078,"Christopher Doyle",,,,,
1381393,"Chris Kempczinski",,,,,
1382004,"Heyward Donigan",,,,,
1382445,"Rainer Blair",,,,,
1383123,"Dexter Goei",,,,,
1384475,"Patrik Frisk",,,,,
1384971,"Doctor Udit Batra",,,,,
1385042,"Marc Rossiter",,,,,
1385060,"Joanne Crevoiserat",,,,,
1385158,"Mitch Dolloff",,,,,
1388163,"Chad Richison",,,,,
1390199,"Michael Stubblefield",,,,,
1390357,"Doctor Hafize Erkan",,,,,
1390426,"Chris Walters",,,,,
1390509,"Leon Topalian",,,,,
1392966,"Brian Niccol",,,,,
1397870,"Jeff Lawson",,,,,
1397907,"Doctor Alex Karp",,,,,
1400271,"Len Jaroszuk",,,,,
1405450,"Doug Fulcher",,,,,
1448606,"George Kurian",,,,,
1449041,"Kevin Riley",,,,,
1449805,"Rob Bernshteyn",,,,,
1449925,"Brian Doubles",,,,,
1449988,"Keith Demmings",,,,,
1451131,"Frank Del Rio",,,,,
1453543,"Dave Brownlie",,,,,
1453790,"Craig Bryksa",,,,,
1454245,"Ian Smith",,,,,
1455193,"Robert Tamblyn",,,,,
1457710,"Ken Dedeluk",,,,,
1457763,"Ryan Schneider",,,,,
1457778,"Frank Meyer",,,,,
1459328,"Evan Spiegel",,,,,
1464468,"Allen Bey",,,,,
1465918,"Dave Foulkes",,,,,
1468697,"Scott Schenkel",,,,,
1469485,"Tom MacMillan",,,,,
1480132,"Patrick Kaltenbach",,,,,
1480332,"Matt Lennox-King",,,,,
1481075,"Anthony Pizzonia",,,,,
1481087,"Joe Matlin",,,,,
1483084,"Roy Gori",,,,,
1486436,"Joe Ferraro",,,,,
1514646,"Paul Parmar",,,,,
1517886,"Molly Langenstein",,,,,
1518316,"Steven Bruny",,,,,
1524182,"Matthew Watson",,,,,
1525243,"Ken Soerensen",,,,,
1526154,"R Feight",,,,,
1527789,"Luc Seraphin",,,,,
1528777,"Robert Ford",,,,,
1530364,"Ezra Yacob",,,,,
1531159,"Michael Ure",,,,,
1531653,"Camillo Pane",,,,,
1532968,"Justin Mirro",,,,,
1535065,"Brad Corson",,,,,
1535676,"Cody Church",,,,,
1535855,"Graham Badun",,,,,
1537148,"William Trainer",,,,,
1541275,"Ricus Grimbeek",,,,,
1543109,"Kevin Blair",,,,,
1544115,"Tobi LÃƒÂ¼tke",,,,,
1590423,"Mike Witynski",,,,,
1593191,"Jacqueline Tucker",,,,,
1597945,"Henry Schuck",,,,,
1602262,"Doctor Graham Burton",,,,,
1602266,"Dave Hankinson",,,,,
1607023,"Anton Konovalov",,,,,
1607633,"Mike Cannon-Brookes",,,,,
1607712,"Scott Farquhar",,,,,
1615805,"Matthew Prince",,,,,
1621914,"David Goeckeler",,,,,
1622717,"Andrew Hurst",,,,,
1625517,"Rich Munson",,,,,
1630009,"Anita Algie",,,,,
1630252,"Michael Miebach",,,,,
1634737,"RenÃƒÂ© Lacerte",,,,,
1635079,"Robert Painter",,,,,
1643376,"Robert Painter",,,,,
1643967,"Edward Wright",,,,,
1651441,"Shar Dubey",,,,,
1652020,"Jose Berlanga Balderas",,,,,
1653739,"Bob Fallah",,,,,
1656726,"David Finkelstein",,,,,
1656763,"Bob Biesterfeld Jr",,,,,
1659589,"Gregg Ruhl",,,,,
1662456,"Mo Fazil",,,,,
1663147,"Judy Marks",,,,,
1683843,"Mike Kobler",,,,,
1694109,"Michel Vounatsos",,,,,
1694780,"Brendan McCracken",,,,,
1700263,"Mark Premo",,,,,
1701735,"Bob Frenzel",,,,,
1701740,"Steve Swatton",,,,,
1710552,"Steve Pelton",,,,,
1713009,"Corie Barry",,,,,
1732979,"Jeff Green",,,,,
1734044,"Stacey Mowbray",,,,,
1735253,"Dan Carestio",,,,,
1743657,"John Mackay",,,,,
1762591,"Peter Deeb",,,,,
1768838,"Linda Rendle",,,,,
1776740,"Robin Fielder",,,,,
1787045,"Prahlad Singh",,,,,
1793833,"Ken Berry",,,,,
1797337,"Devin McGranahan",,,,,
1802406,"Blaise Coleman",,,,,
1822338,"Olivier Pomel",,,,,
1837416,"Tony Xu",,,,,
1840137,"Scott Ackerman",,,,,
1845227,"Rob Hutchison",,,,,
1845469,"Mike Faust",,,,,
1846520,"Will Randall",,,,,
1852119,"Brian Armstrong",,,,,
1852520,"Graeme Lempriere",,,,,
1856961,"David Willetts",,,,,
1859650,"Rick Thornberry",,,,,
1865311,"Bryan Segal",,,,,
1877152,"John McCutcheon",,,,,
1888760,"Doctor Mark Day",,,,,
1890670,"Doctor Reshma Kewalramani",,,,,
1892119,"Gil Holzman",,,,,
1906862,"Ken Barbet",,,,,
1908439,"Anthony Wood",,,,,
1912562,"Vicente Reynal",,,,,
1912568,"Ernie Peters",,,,,
1912698,"Wayne Arsenault",,,,,
1922640,"Quinton Rafuse",,,,,
1924515,"Eric Yuan",,,,,
1930923,"Jennifer Witz",,,,,
1936623,"Jorge Espanha",,,,,
1939638,"Steve McMillan",,,,,
1943814,"Simon Clarke",,,,,
1943925,"Mike Blady",,,,,
1952303,"Dean Banks",,,,,
1961370,"Tim Moore",,,,,
1963450,"Dave Baszucki",,,,,
1965784,"Rob Hinchcliffe",,,,,
1966120,"Gurm Sangha",,,,,
1968379,"Charles Jacobs Jr",,,,,
1971909,"Doctor Michael Nashat",,,,,
1978872,"Michael DeVito",,,,,
1990112,"Jean-Marc Landry",,,,,
1994263,"Doctor Parag Agrawal",,,,,
1996885,"Daniel Dines",,,,,
1998597,"Sumit Singh",,,,,
2001007,"Yamini Rangan",,,,,
2006237,"Kevin Hourican",,,,,
2015072,"Jason Leikam",,,,,
2025884,"Connor Teskey",,,,,
2026637,"Doctor Saum Sutaria",,,,,
2033434,"Michael Goettler",,,,,
2034396,"Mark Roy",,,,,
2042096,"Lal Karsanbhai",,,,,
2083889,"Colin Huang",,,,,
2083901,"Lei Chen",,,,,
2095618,"Aly Rahemtulla",,,,,
2117637,"Lucas Vargas",,,,,
2121957,"Marvin Haasen",,,,,
2124041,"Garry Macdonald",,,,,
2126766,"Doctor Tushar Ramani",,,,,
2126980,"Callum Grant",,,,,
2128162,"Tony DiBenedetto",,,,,
2133503,"Spencer Payne",,,,,
2141493,"Gordon Lam",,,,,
2150174,"David Brous",,,,,
2160420,"Kedar Deshpande",,,,,
2170296,"Scott Hurd",,,,,
2180611,"Peter Leitch",,,,,
2192371,"Basem Hanna",,,,,
2237122,"Ralph Andretta",,,,,
2237236,"Ted Leja",,,,,
2237238,"Dale Maclean",,,,,
2240575,"Mike Basha",,,,,
2240607,"Matti Talikka",,,,,
2240666,"Richard Graham",,,,,
2257428,"Ben Sze",,,,,
2292424,"Jon Deluce",,,,,
2303300,"Filippo Gori",,,,,
2313356,"Sarfaraz Rehman",,,,,
2318077,"Sue Nabi",,,,,
2361966,"John Collins",,,,,
2371596,"Alastair Still",,,,,
2385012,"Rick Doman",,,,,
2390887,"Bernard Tourillon",,,,,
2408290,"Doctor A Mohaideen",,,,,
2418090,"Doctor Leslie Klein",,,,,
2461098,"Doctor RJ Scaringe",,,,,
2463090,"Chris Cocks",,,,,
2489028,"Matt Furlong",,,,,
2493407,"Richard Clark",,,,,
2565260,"Anthony Tan",,,,,
2588081,"Steve Magirias",,,,,
